cell_id	speed	num_of_vehicles	distance
30634_8	1.52	25.917026259049713	529.0
30634_7	1.97	24.528079947946537	469.0
30634_6	1.27	26.89428093193301	408.0
30634_5	19.63	3.3860129539382116	343.0
30581_10	23.67	3.4272660851514094	13140.0
30581_11	23.69	6.7204180024100575	13203.0
30634_4	19.65	2.941735959308787	286.0
30634_3	19.7	3.4365664153360442	219.0
30634_2	19.8	2.6594860010244465	166.0
30634_1	19.89	4.673077728812787	72.0
30634_0	19.99	3.46760585841381	0.0
30645_3	19.42	8.564182513533392	7944.0
30645_2	19.33	8.679256176939665	7848.0
30645_1	19.22	8.83023003768962	7753.0
30645_0	18.88	9.120274375909718	7657.0
30650_14	20.46	4.690315823297247	11146.0
30650_15	20.47	3.346895461010114	11226.0
30635_9	19.89	7.224689804167818	1206.0
30650_12	20.46	4.693753974666789	10995.0
30635_8	19.89	7.223050792349698	1096.0
30650_13	20.45	4.070120206512147	11076.0
30635_7	19.89	5.723553009291049	1009.0
30650_10	20.52	3.9441561017957825	10831.0
30635_6	19.9	3.9251248078108913	950.0
30650_11	20.48	5.506733532495223	10900.0
30635_5	19.9	3.5093037312327344	896.0
30635_4	1.0	40.92628720806974	834.0
30635_3	1.75	45.28547815020267	766.0
30635_2	1.35	45.23988043251313	697.0
30635_1	0.99	43.676745287047986	632.0
30635_0	1.32	36.82787982323734	584.0
30646_6	19.92	3.3625606244672634	8502.0
30646_5	19.96	3.2818479580716997	8451.0
30646_4	19.99	3.2359922944353663	8401.0
30638_10	20.15	2.8977128429594385	3948.0
30638_11	20.17	2.8795355100528917	4010.0
30646_3	20.0	5.821616214586486	8311.0
30646_2	20.02	5.808835514655376	8220.0
30646_1	20.0	5.8280816002925455	8130.0
30646_0	19.97	5.867438079979317	8040.0
30636_5	19.9	3.7610783145656774	2413.0
30636_4	19.9	3.7602013577311313	2337.0
30636_3	19.9	3.52272479455588	2266.0
30636_2	19.9	3.522134286562424	2194.0
30636_1	19.9	5.458467063421437	2084.0
30636_0	19.9	5.4579414707325675	1973.0
30647_2	19.2	8.400773803356556	8716.0
30647_1	19.38	8.176236308631122	8625.0
30647_0	19.53	6.2226682791035435	8553.0
30637_9	19.55	4.282527644582029	3200.0
30637_8	19.51	3.272920081624968	3153.0
30637_7	19.53	3.3751667266579606	3105.0
30637_6	19.57	6.980925660019645	3005.0
30637_5	19.71	5.75768671049768	2921.0
30637_4	19.86	5.596489984814536	2836.0
30637_3	19.95	5.5076652221247935	2752.0
30637_2	19.92	5.5325582111995075	2667.0
30637_1	19.82	5.932957305695423	2578.0
30637_0	19.46	6.156949729942841	2489.0
30648_9	20.14	5.6582698424749385	9447.0
30648_8	20.11	5.957476623734129	9353.0
30580_8	22.95	8.23574668600424	12332.0
30648_7	20.1	5.9713539826288295	9258.0
30580_7	23.01	8.114134611300575	12229.0
30648_6	20.09	3.370440501395816	9205.0
30648_5	20.07	5.301845244104699	9121.0
30648_4	20.0	4.496568214993468	9051.0
30648_3	19.92	4.538260478313968	8982.0
30648_2	19.82	3.7918036097945578	8925.0
30580_2	23.38	7.602837461828255	11848.0
30580_1	23.46	7.443108722237167	11741.0
30580_0	23.47	7.331610003625168	11635.0
30580_6	23.12	4.028820282939066	12176.0
30580_5	23.17	4.018397575869823	12123.0
30580_4	23.23	4.6475689324931375	12060.0
30580_3	23.29	7.791042745651916	11954.0
30648_1	19.76	3.8356504433781238	8869.0
30648_0	19.73	4.199519868201132	8807.0
30641_0	18.16	4.85548120743927	5530.0
30641_3	19.1	3.7469888192954364	5692.0
30641_2	18.91	4.071247679645037	5640.0
30641_1	18.84	3.9637683978836793	5589.0
30642_3	20.2	3.74397718484703	6146.0
30642_2	20.01	3.901801838649618	6085.0
30642_1	19.77	4.081398331469236	6025.0
30642_0	19.03	4.415035672188576	5964.0
30643_5	20.0	2.3673716896545596	6620.0
30643_4	20.04	4.94741027256175	6517.0
30643_3	20.14	4.839511996781232	6414.0
30643_2	20.31	3.6931058859991306	6332.0
30643_1	20.44	2.7456098528624038	6269.0
30643_0	20.38	2.7849469522958143	6207.0
30644_6	19.37	7.401454242596613	7555.0
30644_5	19.33	7.4529701671141675	7452.0
30644_4	19.29	6.268786190843201	7366.0
30644_3	19.23	6.3163061976824775	7281.0
30644_2	19.16	6.382994443633439	7195.0
30644_1	19.08	6.464107313230841	7110.0
30644_0	18.67	6.691178395585796	7024.0
30650_3	20.76	3.6922076789934337	10348.0
30650_4	20.72	3.728853125727175	10417.0
30650_5	20.7	3.7581141328845162	10486.0
30650_6	20.67	3.784827634597641	10555.0
30650_7	20.64	3.815927043210639	10624.0
30650_8	20.61	3.8548170269026603	10693.0
30650_9	20.57	3.899538175628392	10762.0
30650_0	20.81	3.016056291831012	10147.0
30650_1	20.82	2.8426210762684008	10204.0
30650_2	20.79	4.740429069008988	10258.0
30651_2	23.18	5.481239920764203	11449.0
30651_3	23.15	6.207541964288167	11537.0
30651_0	23.14	5.035007098576131	11284.0
30651_1	23.22	5.193066530470411	11366.0
37981_2	20.12	2.859510043812313	5903.0
37981_1	19.88	5.301712723104404	5796.0
37981_0	19.37	2.946781753806019	5742.0
30640_1	19.62	4.496898234147215	4888.0
30640_0	19.78	2.7026676363905677	4834.0
30640_9	19.57	3.5178587392878082	5463.0
30640_8	19.56	4.252641667777335	5382.0
30640_7	19.55	4.284211957449839	5300.0
30640_6	19.55	3.807136831002356	5228.0
30640_5	19.54	3.915524384088848	5154.0
30640_4	19.54	2.3828757666831306	5108.0
30640_3	19.55	4.433086479937524	5024.0
30640_2	19.56	2.6022118905191567	4974.0
30638_8	20.09	2.933484623679763	3824.0
30638_7	20.06	3.458694614668897	3752.0
30638_6	20.02	3.4850512399102676	3679.0
30638_5	19.98	3.8721552216861452	3600.0
30638_4	19.92	3.91708606740802	3520.0
30638_3	19.85	3.0631627375694164	3458.0
30638_2	19.78	2.8677668251319535	3402.0
30638_1	19.71	4.56183563553983	3312.0
30638_9	20.12	2.9157119591429757	3886.0
30638_0	19.6	2.690239609042226	3261.0
30581_9	23.65	3.4481223267834817	13078.0
30581_8	23.63	3.4730530877569836	13015.0
30649_7	20.49	3.4307049676557138	10099.0
30581_7	23.6	3.501124982102099	12952.0
30649_6	20.42	5.18300747179382	10029.0
30581_6	23.57	3.5311989537697195	12890.0
30649_5	20.27	6.938463227806718	9937.0
30649_4	20.01	4.912188289612685	9876.0
30649_3	19.8	5.117479680894199	9815.0
30649_2	19.57	5.551664850582451	9752.0
30649_1	19.34	5.435520278805945	9692.0
30581_1	23.44	4.653587951192117	12516.0
30581_0	23.44	4.65484079352713	12436.0
30581_5	23.54	3.5619461413848557	12827.0
30581_4	23.52	3.5918314840717596	12764.0
30581_3	23.49	3.6190860311777118	12702.0
30581_2	23.47	6.211260878083456	12595.0
30649_0	18.91	9.583619500343648	9590.0
30639_7	20.18	4.148861987588871	4666.0
30639_6	20.21	2.744828121166069	4621.0
30639_5	20.19	3.8626967982187543	4559.0
30639_4	20.15	5.214312125201829	4476.0
30639_3	20.1	6.411521186184517	4374.0
30639_2	20.08	6.435767984986736	4273.0
30639_1	20.14	5.8951003745564385	4178.0
30639_0	20.1	6.60975875876748	4071.0
30639_8	19.95	6.610590921268682	4733.0
30635_11	19.89	7.218704148287651	1425.0
30635_12	19.89	7.214826534724155	1535.0
30635_13	19.9	7.2113084788336455	1644.0
30635_14	19.9	7.208449681686887	1754.0
30635_10	19.89	7.22246438484605	1315.0
30635_15	19.9	7.2066258889924715	1863.0
38539_0	19.9	3.897677234687623	6669.0
38539_1	19.8	2.6541585345704832	6748.0
38539_2	19.67	2.5143476080757456	6801.0
38539_3	19.4	4.667136829095963	6850.0
38539_4	19.24	4.838800618279848	6936.0
30648_10	20.17	3.2830116001668945	9538.0
