ramp_merge	pie_merge	phi	delta	v_min	time_gap	fitness
0.63	0.87	3.47	0.29	5.47	1.4	230.018
0.57	0.9	3.24	0.55	4.97	1.22	145.796
0.36	0.86	2.46	0.05	3.26	1.23	130.804
0.51	0.89	2.12	0.02	5.73	1.28	169.192
0.37	0.9	3.29	0.33	3.17	1.27	184.504
0.29	0.93	2.45	0.48	3.33	1.38	165.0
0.5	0.98	1.84	0.27	3.15	1.43	253.535
0.46	0.87	2.32	0.57	3.71	1.33	170.764
0.26	0.91	1.82	0.13	5.04	1.28	81.924
0.42	0.93	1.94	0.12	3.97	1.42	270.199
0.49	0.89	1.96	0.49	4.23	1.36	200.63
0.29	0.94	3.29	0.12	4.73	1.46	450.534
0.35	0.99	3.1	0.04	3.46	1.28	112.14
0.62	0.93	3.06	0.45	3.38	1.28	105.328
0.61	0.92	2.24	0.29	5.78	1.26	100.457
0.48	0.97	2.0	0.16	4.47	1.34	172.696
0.39	0.86	2.87	0.38	4.48	1.45	358.999
0.6	0.97	2.33	0.5	4.19	1.31	87.567
0.17	0.87	1.86	0.39	4.31	1.29	135.094
0.12	0.98	2.84	0.51	4.2	1.31	84.775
0.62	0.96	2.49	0.3	3.84	1.3	91.654
0.34	0.97	2.3	0.59	4.27	1.49	342.013
0.22	0.99	2.52	0.59	5.7	1.25	83.117
0.1	0.91	2.78	0.19	3.94	1.35	86.55
0.32	0.89	2.62	0.59	5.58	1.44	374.385
0.47	0.9	1.92	0.08	4.19	1.31	147.617
0.32	0.95	1.97	0.5	3.42	1.47	423.739
0.53	0.99	2.24	0.45	3.57	1.46	364.818
0.19	0.92	3.29	0.11	3.76	1.38	188.116
0.34	0.85	2.24	0.23	4.55	1.21	83.633
0.35	0.85	3.36	0.43	5.5	1.23	128.708
0.46	0.89	1.99	0.55	4.61	1.46	459.183
0.5	0.93	3.28	0.06	4.33	1.28	105.942
0.37	0.95	2.27	0.45	4.77	1.21	133.922
0.13	0.99	2.93	0.47	4.87	1.41	83.785
0.6	0.9	2.72	0.49	3.62	1.37	271.72
0.21	0.88	2.88	0.27	3.27	1.28	84.73
0.41	0.93	2.03	0.33	3.24	1.28	93.065
0.37	0.94	3.58	0.55	4.38	1.38	221.138
0.17	0.96	2.74	0.3	4.72	1.23	82.094
0.48	0.99	2.01	0.35	5.55	1.41	225.496
0.61	0.88	2.92	0.35	5.87	1.47	426.226
0.61	0.94	3.38	0.47	4.58	1.4	263.802
0.55	0.95	2.36	0.03	4.29	1.44	332.431
0.34	0.94	2.43	0.54	5.37	1.36	182.855
0.52	0.89	3.43	0.42	5.64	1.26	135.776
0.42	0.93	1.95	0.08	4.03	1.35	123.065
0.58	0.94	2.25	0.11	4.14	1.2	89.303
0.14	0.91	3.13	0.29	4.97	1.3	84.628
0.44	0.92	3.0	0.47	4.42	1.41	358.967
0.62	0.93	3.5	0.02	5.8	1.48	472.792
0.11	0.99	3.44	0.19	4.63	1.36	85.736
0.63	0.86	2.22	0.2	5.83	1.42	309.873
0.54	0.99	1.95	0.38	5.37	1.43	229.209
0.14	0.85	2.94	0.51	3.3	1.26	83.63
0.33	0.91	2.6	0.49	5.47	1.47	357.118
0.63	0.85	2.57	0.44	3.07	1.42	321.967
0.29	0.9	2.34	0.12	3.64	1.43	344.111
0.59	0.88	2.88	0.25	3.79	1.32	147.986
0.3	0.91	1.95	0.53	3.28	1.26	81.923
0.16	0.91	2.89	0.34	5.31	1.31	84.106
0.15	0.98	2.21	0.51	4.09	1.26	84.709
0.39	0.97	2.18	0.04	4.05	1.3	103.618
0.17	0.93	3.12	0.19	3.04	1.28	84.192
0.36	0.93	3.06	0.1	4.44	1.34	180.017
0.64	0.95	3.09	0.23	5.33	1.45	331.11
0.37	0.93	2.96	0.59	5.07	1.47	487.262
0.6	0.93	3.43	0.51	4.07	1.45	360.081
0.48	0.94	2.77	0.35	5.99	1.28	90.765
0.34	0.98	2.87	0.57	4.38	1.43	375.259
0.16	0.93	2.8	0.29	5.86	1.25	84.493
0.28	0.97	2.56	0.29	3.2	1.21	83.771
0.14	0.88	3.29	0.3	3.94	1.28	84.167
0.39	0.92	1.85	0.55	4.54	1.32	123.255
0.33	0.92	1.99	0.49	4.63	1.24	83.974
0.48	0.88	3.08	0.02	4.15	1.33	200.368
0.43	0.97	3.06	0.19	3.4	1.43	346.53
0.3	0.9	2.12	0.04	4.42	1.32	216.146
0.43	0.92	2.4	0.53	5.95	1.2	122.12
0.24	0.91	2.8	0.29	5.43	1.28	84.031
0.51	0.92	3.46	0.46	3.26	1.35	166.772
0.61	0.87	2.09	0.13	3.25	1.38	208.857
0.44	0.96	3.54	0.33	3.69	1.46	349.726
0.17	0.85	2.97	0.58	5.2	1.21	85.126
0.19	0.96	3.54	0.27	4.87	1.48	253.489
0.17	0.94	3.21	0.23	4.76	1.47	275.918
0.38	0.87	2.07	0.06	5.85	1.33	120.681
0.31	0.91	2.43	0.51	5.81	1.49	477.385
0.53	0.86	2.8	0.55	5.38	1.39	277.472
0.58	0.92	2.71	0.28	5.45	1.3	108.344
0.42	0.92	3.16	0.36	3.47	1.38	256.872
0.44	0.99	2.49	0.41	4.24	1.4	278.968
0.44	0.9	2.57	0.3	4.15	1.45	327.686
0.36	0.85	2.97	0.1	4.86	1.42	260.603
0.49	0.94	2.09	0.47	5.39	1.34	183.717
0.3	0.9	2.75	0.58	3.28	1.39	201.004
0.38	0.89	2.57	0.23	3.47	1.33	94.881
0.47	0.91	3.28	0.28	4.23	1.22	100.005
0.61	0.85	2.99	0.52	3.44	1.46	341.421
0.35	0.9	2.54	0.03	4.5	1.24	82.655
0.38	0.88	2.07	0.24	3.57	1.43	290.221
0.16	0.86	1.82	0.34	5.78	1.49	268.103
0.35	0.9	3.55	0.25	3.38	1.39	193.212
0.43	0.88	1.83	0.1	4.2	1.34	169.769
0.44	0.88	3.03	0.16	4.53	1.49	407.288
0.58	0.95	3.39	0.23	4.26	1.27	94.883
0.58	0.97	2.68	0.11	5.61	1.21	83.55
0.1	0.96	2.75	0.57	5.86	1.41	85.159
0.22	0.97	2.37	0.27	4.49	1.38	153.31
0.49	0.96	2.17	0.45	5.64	1.33	153.808
0.52	0.88	2.07	0.34	3.58	1.24	137.843
0.26	0.97	2.77	0.05	5.84	1.22	83.044
0.28	0.88	2.11	0.28	5.58	1.28	82.533
0.61	0.95	2.54	0.18	3.22	1.39	351.32
0.22	0.88	2.11	0.04	5.32	1.29	83.514
0.32	0.9	3.41	0.38	3.36	1.32	95.863
0.29	0.85	2.01	0.59	3.21	1.22	82.491
0.57	0.99	3.19	0.14	4.19	1.49	459.83
0.16	0.89	3.58	0.37	3.49	1.34	85.199
0.15	0.9	2.79	0.07	5.04	1.45	159.428
0.23	0.96	2.53	0.13	4.65	1.22	84.663
0.52	0.9	3.06	0.48	5.75	1.43	403.845
0.62	0.89	2.02	0.27	3.05	1.39	356.881
0.25	0.93	2.29	0.07	4.32	1.38	261.976
0.2	0.86	1.81	0.15	3.18	1.29	83.292
0.32	0.96	1.89	0.11	3.16	1.25	82.326
0.44	0.95	3.42	0.51	3.28	1.34	162.6
0.29	0.88	1.98	0.48	3.85	1.45	356.6
0.12	0.86	2.65	0.35	3.15	1.21	85.419
0.35	0.97	2.83	0.31	5.29	1.35	173.245
0.37	0.95	1.97	0.45	5.74	1.21	81.834
0.14	0.93	3.3	0.04	5.46	1.21	84.775
0.2	0.98	3.18	0.53	5.73	1.24	83.03
0.56	0.94	3.23	0.14	3.73	1.23	127.664
0.4	0.91	1.93	0.43	3.59	1.48	474.419
0.58	0.87	1.84	0.13	4.36	1.33	176.496
0.55	0.86	2.83	0.34	4.17	1.47	482.851
0.36	0.88	1.86	0.19	4.33	1.23	84.74
0.46	0.97	3.5	0.39	4.13	1.46	361.474
0.35	0.9	2.07	0.06	3.69	1.46	340.031
0.35	0.94	3.32	0.55	4.99	1.37	231.666
0.63	0.86	2.31	0.59	5.8	1.32	94.244
0.17	0.88	3.17	0.38	5.57	1.3	84.02
0.25	0.88	1.92	0.23	3.48	1.3	83.807
0.29	0.98	2.95	0.58	5.15	1.31	97.882
0.27	0.96	2.15	0.39	5.74	1.45	339.827
0.12	0.95	3.34	0.19	5.55	1.32	85.966
0.19	0.86	3.24	0.59	5.88	1.37	149.493
0.18	0.87	2.86	0.09	3.44	1.28	83.612
0.45	0.95	2.55	0.14	4.33	1.32	103.81
0.62	0.95	3.21	0.03	5.61	1.29	94.197
0.62	0.98	2.42	0.52	3.91	1.32	141.527
0.56	0.93	2.64	0.02	4.41	1.47	358.97
0.46	0.92	3.52	0.53	3.38	1.21	145.154
0.27	0.96	2.7	0.29	3.84	1.38	204.374
0.21	0.87	1.91	0.38	3.28	1.39	138.792
0.11	0.94	3.09	0.52	4.61	1.23	88.098
0.62	0.97	2.46	0.4	5.52	1.47	451.79
0.35	0.97	3.11	0.47	4.42	1.22	84.029
0.36	0.96	3.06	0.24	4.04	1.48	342.099
0.51	0.87	3.49	0.36	5.11	1.2	116.584
0.57	0.98	3.49	0.09	3.83	1.4	293.542
0.56	0.9	2.96	0.53	4.67	1.42	309.103
0.23	0.87	2.35	0.43	4.98	1.26	83.552
0.56	0.85	2.96	0.36	5.37	1.45	342.135
0.22	0.94	2.11	0.29	4.08	1.33	149.952
0.15	0.96	2.4	0.02	4.85	1.48	250.018
0.5	0.95	2.58	0.11	4.16	1.38	215.162
0.14	0.97	3.3	0.18	3.06	1.43	82.819
0.14	0.88	2.12	0.3	5.44	1.3	84.211
0.22	0.89	3.02	0.29	5.92	1.4	82.377
0.3	0.92	2.63	0.18	5.93	1.31	155.749
0.6	0.85	2.07	0.3	4.39	1.31	162.527
0.43	0.87	3.38	0.28	4.26	1.4	189.654
0.46	0.98	2.82	0.09	5.92	1.34	165.215
0.36	0.96	3.46	0.45	3.41	1.23	83.092
0.43	0.86	3.04	0.15	4.95	1.41	293.304
0.36	0.86	1.91	0.46	5.38	1.37	224.066
0.21	0.92	2.92	0.03	3.61	1.46	339.736
0.25	0.94	2.04	0.09	5.08	1.36	141.261
0.41	0.95	3.2	0.54	4.25	1.46	404.653
0.37	0.91	3.01	0.48	5.01	1.26	91.844
0.13	0.85	3.38	0.22	3.69	1.39	137.333
0.4	0.98	2.87	0.3	4.18	1.2	85.018
0.54	0.88	2.15	0.26	3.43	1.4	244.509
0.28	0.9	1.81	0.31	3.14	1.23	83.877
0.35	0.97	1.84	0.36	3.71	1.43	364.421
0.39	0.88	3.32	0.45	3.01	1.36	186.716
0.42	0.92	3.0	0.05	5.69	1.48	358.132
0.37	0.85	2.71	0.37	4.97	1.22	82.812
0.4	0.85	2.12	0.32	3.32	1.23	81.48
0.45	0.97	3.28	0.26	4.22	1.45	364.814
0.38	0.99	3.08	0.06	3.62	1.32	148.737
0.18	0.91	2.59	0.3	4.99	1.49	251.844
0.48	0.9	2.42	0.22	5.65	1.28	90.759
0.34	0.97	3.43	0.25	4.78	1.35	208.483
0.51	0.85	1.95	0.21	4.41	1.41	294.312
0.19	0.85	3.11	0.57	4.51	1.3	83.975
0.19	0.99	3.56	0.16	4.95	1.21	83.795
0.41	0.85	2.07	0.45	5.18	1.21	87.838
0.27	0.9	2.4	0.25	3.47	1.24	82.695
0.43	0.96	2.67	0.38	3.84	1.41	394.724
0.55	0.94	2.31	0.11	3.68	1.31	91.441
0.62	0.92	2.56	0.36	5.17	1.43	349.443
0.29	0.89	2.47	0.56	4.14	1.3	82.091
0.36	0.96	2.24	0.45	3.54	1.48	329.691
0.51	0.99	2.24	0.25	3.8	1.23	83.65
0.2	0.89	2.59	0.47	5.86	1.27	85.207
0.58	0.89	3.57	0.23	4.49	1.38	238.803
0.41	0.98	3.42	0.19	5.14	1.32	155.719
0.24	0.97	2.67	0.37	4.83	1.21	83.82
0.16	0.96	3.46	0.43	3.15	1.33	84.895
0.43	0.95	2.96	0.1	5.24	1.48	464.6
0.54	0.89	3.01	0.07	5.57	1.4	296.589
0.19	0.97	2.52	0.58	3.06	1.29	82.707
0.56	0.96	2.44	0.37	5.87	1.33	183.592
0.46	0.87	2.04	0.58	3.45	1.2	86.156
0.6	0.98	3.3	0.02	4.09	1.43	375.471
0.23	0.88	2.26	0.53	4.85	1.24	83.403
0.49	0.98	1.98	0.08	4.85	1.21	82.261
0.25	0.88	3.27	0.55	3.5	1.27	84.221
0.57	0.88	3.5	0.33	5.34	1.34	181.489
0.11	0.97	1.97	0.21	5.0	1.43	84.738
0.29	0.91	3.2	0.59	3.09	1.31	144.307
0.56	0.91	2.76	0.25	5.4	1.48	347.279
0.31	0.95	3.14	0.34	5.96	1.31	106.103
0.41	0.91	3.08	0.52	4.64	1.34	120.091
0.23	0.88	2.22	0.16	4.59	1.41	270.518
0.12	0.94	2.67	0.07	3.56	1.36	85.125
0.16	0.86	1.84	0.39	3.79	1.46	284.408
0.49	0.94	1.94	0.42	5.93	1.27	83.765
0.46	0.97	2.76	0.09	4.46	1.23	82.797
0.42	0.97	2.82	0.45	5.55	1.44	341.064
0.31	0.89	2.06	0.34	3.73	1.31	150.258
0.15	0.94	3.29	0.19	5.79	1.28	84.06
0.2	0.98	3.01	0.27	5.55	1.32	83.818
0.18	0.86	1.91	0.56	3.41	1.38	149.894
0.6	0.96	1.8	0.39	3.61	1.44	389.641
0.57	0.95	3.3	0.05	5.3	1.46	335.833
0.59	0.85	1.92	0.4	3.56	1.32	153.613
0.3	0.87	2.89	0.4	4.61	1.25	83.66
0.46	0.86	2.8	0.25	4.75	1.47	477.08
0.5	0.89	3.52	0.05	4.48	1.35	177.705
0.51	0.93	3.59	0.3	3.44	1.24	94.2
0.56	0.89	3.25	0.16	5.65	1.34	191.285
0.38	0.97	2.35	0.19	5.07	1.33	226.477
0.16	0.98	2.49	0.29	3.66	1.33	85.046
0.19	0.85	2.62	0.32	4.55	1.37	147.612
0.56	0.94	1.81	0.32	4.99	1.49	399.264
0.61	0.94	2.27	0.35	5.84	1.4	213.069
0.2	0.89	2.34	0.25	3.54	1.37	138.736
0.45	0.94	2.3	0.59	3.82	1.4	253.524
0.59	0.96	1.92	0.53	5.76	1.33	88.983
0.35	0.86	2.42	0.52	3.53	1.3	100.495
0.28	0.9	3.13	0.37	5.83	1.48	405.49
0.54	0.88	2.35	0.56	3.96	1.21	134.173
0.43	0.88	1.95	0.26	4.37	1.28	96.933
0.43	0.92	2.26	0.32	5.31	1.26	84.501
0.2	0.94	3.22	0.39	4.89	1.47	278.353
0.35	0.91	1.83	0.39	5.42	1.29	153.245
0.17	0.88	2.62	0.55	4.08	1.26	85.496
0.64	0.92	2.14	0.19	5.12	1.46	410.761
0.2	0.95	2.93	0.4	3.86	1.41	273.859
0.21	0.93	1.83	0.2	3.69	1.29	81.453
0.43	0.88	3.14	0.53	3.13	1.22	89.03
0.18	0.97	1.8	0.39	5.43	1.37	136.669
0.42	0.95	3.51	0.29	5.13	1.26	83.407
0.17	0.97	2.01	0.03	5.06	1.34	151.689
0.1	0.89	2.24	0.53	3.9	1.37	85.934
0.57	0.94	3.09	0.33	5.12	1.46	371.159
0.16	0.9	3.32	0.45	4.24	1.45	268.412
0.26	0.93	3.57	0.31	5.99	1.47	377.01
0.34	0.98	2.02	0.21	3.28	1.43	216.091
0.48	0.98	2.52	0.07	3.93	1.34	190.03
0.53	0.86	2.08	0.44	4.5	1.27	82.571
0.64	0.99	2.9	0.31	4.7	1.28	95.185
0.1	0.97	2.95	0.03	3.21	1.44	85.115
0.16	0.94	3.3	0.02	5.63	1.26	84.117
0.42	0.93	3.28	0.25	4.85	1.49	372.259
0.33	0.86	1.97	0.36	3.65	1.34	183.433
0.24	0.93	3.24	0.06	3.12	1.29	83.936
0.32	0.92	2.79	0.37	5.81	1.47	406.532
0.13	0.98	3.35	0.11	3.95	1.27	85.783
0.51	0.86	2.52	0.36	3.97	1.39	258.109
0.31	0.93	2.41	0.33	5.57	1.36	186.871
0.23	0.99	2.0	0.15	4.8	1.27	82.45
0.59	0.86	3.37	0.41	4.25	1.39	244.612
0.64	0.97	2.08	0.15	3.05	1.43	267.872
0.37	0.89	1.96	0.26	4.44	1.32	179.492
0.55	0.85	3.1	0.05	3.23	1.25	92.438
0.24	0.96	2.3	0.14	3.72	1.3	138.863
0.2	0.86	3.03	0.26	3.85	1.34	141.633
0.36	0.99	3.45	0.38	3.58	1.21	84.348
0.31	0.85	2.72	0.42	4.34	1.4	204.496
0.19	0.99	2.99	0.26	5.58	1.2	84.615
0.39	0.85	3.07	0.35	3.56	1.22	85.671
0.3	0.9	3.44	0.03	3.47	1.28	82.429
0.21	0.92	2.05	0.08	5.78	1.36	173.595
0.33	0.97	3.53	0.58	4.85	1.21	82.678
0.59	0.89	2.77	0.39	4.85	1.4	328.502
0.34	0.99	2.73	0.44	5.57	1.26	82.226
0.59	0.93	2.77	0.42	3.75	1.29	159.698
0.59	0.93	2.38	0.59	4.9	1.44	405.418
0.33	0.91	3.01	0.42	3.69	1.31	93.518
0.16	0.92	3.05	0.22	3.32	1.24	85.211
0.53	0.95	3.49	0.36	5.68	1.28	93.426
0.52	0.88	3.38	0.19	3.27	1.2	95.52
0.37	0.99	1.88	0.32	4.4	1.49	392.736
0.44	0.91	2.5	0.37	4.88	1.47	346.259
0.55	0.92	2.64	0.35	3.67	1.39	199.647
0.48	0.99	3.24	0.12	4.2	1.48	344.551
0.13	0.89	2.55	0.31	5.67	1.2	85.953
0.61	0.89	3.36	0.41	4.25	1.47	412.315
0.59	0.9	3.57	0.03	5.52	1.22	101.071
0.35	0.86	2.46	0.48	4.93	1.2	82.806
0.13	0.88	2.94	0.26	3.6	1.39	85.364
0.26	0.87	3.05	0.26	4.22	1.24	84.102
0.62	0.97	1.81	0.55	5.02	1.46	265.768
0.47	0.97	3.36	0.46	5.61	1.31	161.878
0.52	0.89	3.07	0.17	4.78	1.49	372.585
0.52	0.86	2.55	0.51	3.34	1.22	83.502
0.18	0.9	3.26	0.47	4.86	1.22	84.558
0.6	0.98	2.88	0.17	3.32	1.47	414.575
0.6	0.85	3.59	0.21	4.29	1.44	368.423
0.12	0.93	2.14	0.48	3.8	1.28	85.435
0.48	0.91	1.85	0.06	5.27	1.48	344.814
0.58	0.86	2.4	0.04	3.53	1.34	143.726
0.14	0.89	3.53	0.4	3.99	1.41	136.92
0.54	0.94	1.81	0.43	5.07	1.46	373.418
0.35	0.95	2.6	0.26	4.31	1.32	162.915
0.57	0.94	3.47	0.49	5.16	1.46	412.42
0.48	0.95	2.08	0.06	3.47	1.24	86.526
0.35	0.95	2.09	0.51	5.48	1.33	151.593
0.31	0.88	3.16	0.4	5.41	1.21	83.479
0.3	0.91	3.54	0.06	5.89	1.41	296.113
0.52	0.91	2.74	0.16	4.5	1.44	359.112
0.48	0.87	2.08	0.25	5.26	1.49	396.71
0.17	0.99	2.54	0.41	4.56	1.49	276.174
0.54	0.89	3.07	0.29	3.47	1.42	318.869
0.58	0.85	2.1	0.23	4.97	1.43	370.473
0.39	0.86	2.19	0.13	4.61	1.45	304.386
0.46	0.89	3.55	0.26	5.2	1.25	163.184
0.37	0.92	2.83	0.57	5.21	1.45	275.461
0.27	0.95	2.06	0.41	3.54	1.44	358.852
0.39	0.9	1.83	0.14	3.88	1.2	125.659
0.48	0.91	2.65	0.38	4.87	1.49	301.907
0.35	0.89	1.89	0.36	4.73	1.4	258.894
0.29	0.94	3.45	0.35	4.57	1.4	296.204
0.36	0.88	2.52	0.56	3.96	1.49	489.916
0.16	0.99	3.14	0.05	3.02	1.47	251.846
0.53	0.88	3.19	0.41	5.93	1.3	104.177
0.64	0.99	2.71	0.17	4.02	1.24	83.732
0.49	0.99	2.08	0.17	3.31	1.47	370.424
0.6	0.98	3.08	0.29	5.51	1.4	235.388
0.34	0.91	1.83	0.34	3.5	1.39	226.703
0.45	0.89	2.87	0.2	4.29	1.26	83.121
0.64	0.89	1.95	0.32	3.39	1.29	141.683
0.13	0.89	2.03	0.25	4.95	1.36	84.093
0.58	0.9	1.83	0.12	4.53	1.36	188.059
0.39	0.91	3.59	0.13	4.47	1.25	96.993
0.25	0.85	3.55	0.51	5.41	1.22	83.942
0.4	0.95	2.26	0.35	3.6	1.47	333.918
0.57	0.99	3.17	0.28	5.11	1.36	217.439
0.15	0.95	2.27	0.51	3.15	1.27	85.192
0.16	0.9	2.18	0.52	5.53	1.34	84.087
0.4	0.93	2.51	0.35	5.62	1.28	160.304
0.21	0.88	2.2	0.53	4.84	1.48	358.43
0.27	0.98	2.57	0.08	3.9	1.28	82.052
0.3	0.94	2.04	0.37	3.04	1.23	83.177
0.19	0.88	2.44	0.02	4.97	1.39	81.191
0.32	0.91	1.98	0.58	4.79	1.46	382.626
0.51	0.9	1.9	0.13	5.13	1.33	195.898
0.42	0.88	2.42	0.59	3.18	1.48	457.484
0.38	0.9	2.25	0.27	5.13	1.43	343.906
0.45	0.89	2.96	0.25	4.17	1.46	385.923
0.16	0.97	2.05	0.35	4.85	1.23	83.988
0.14	0.92	2.89	0.14	3.44	1.41	84.366
0.55	0.92	2.08	0.27	5.43	1.37	318.66
0.16	0.93	1.86	0.11	5.88	1.3	84.246
0.2	0.97	2.76	0.09	3.58	1.2	84.336
0.42	0.91	1.87	0.08	3.8	1.28	158.915
0.2	0.98	2.83	0.08	3.78	1.45	179.151
0.12	0.87	2.58	0.48	5.68	1.45	83.562
0.41	0.93	3.49	0.34	4.38	1.46	379.15
0.26	0.9	3.1	0.06	3.96	1.2	82.327
0.52	0.93	3.12	0.31	5.99	1.38	234.397
0.5	0.97	3.09	0.41	3.52	1.42	287.835
0.59	0.97	2.94	0.54	3.8	1.44	310.125
0.2	0.91	3.58	0.2	5.69	1.22	83.842
0.45	0.99	2.04	0.48	5.96	1.31	95.188
0.42	0.94	2.49	0.59	4.52	1.23	144.293
0.61	0.96	2.63	0.04	4.28	1.46	363.901
0.24	0.92	3.34	0.25	5.78	1.46	328.025
0.62	0.91	3.41	0.29	3.54	1.3	104.547
0.52	0.96	2.41	0.41	4.35	1.44	388.969
0.62	0.89	3.2	0.4	4.13	1.36	245.858
0.16	0.99	2.82	0.29	5.25	1.22	84.991
0.42	0.92	3.29	0.31	4.7	1.35	233.282
0.12	0.92	2.43	0.43	3.23	1.38	85.105
0.46	0.86	2.47	0.37	3.23	1.43	288.086
0.54	0.93	2.01	0.26	3.87	1.45	298.704
0.51	0.93	2.24	0.31	3.46	1.38	212.404
0.14	0.94	2.69	0.15	5.71	1.4	84.403
0.59	0.92	2.83	0.56	3.15	1.44	303.025
0.15	0.97	2.02	0.59	3.93	1.27	83.759
0.23	0.97	3.51	0.16	5.51	1.2	84.986
0.63	0.87	3.4	0.36	3.88	1.33	166.749
0.3	0.94	3.59	0.02	5.16	1.34	96.804
0.29	0.91	2.95	0.5	3.01	1.24	83.798
0.21	0.89	3.54	0.07	4.71	1.41	174.846
0.18	0.88	2.61	0.25	4.88	1.44	296.529
0.1	0.98	3.05	0.31	4.45	1.47	84.875
0.51	0.86	2.87	0.33	4.24	1.2	93.484
0.42	0.86	3.4	0.09	3.81	1.47	344.128
0.42	0.98	2.84	0.49	5.53	1.42	353.127
0.42	0.99	3.15	0.57	3.51	1.39	219.786
0.53	0.92	3.53	0.3	4.03	1.23	131.591
0.47	0.86	3.41	0.1	3.87	1.22	83.505
0.11	0.92	3.4	0.55	3.83	1.45	85.659
0.63	0.93	2.42	0.28	5.46	1.37	203.524
0.58	0.94	3.56	0.51	5.49	1.29	159.217
0.4	0.89	3.42	0.47	4.66	1.28	91.027
0.59	0.99	2.74	0.55	5.36	1.46	360.865
0.52	0.86	1.9	0.38	5.8	1.39	227.82
0.58	0.94	3.41	0.21	4.02	1.39	424.772
0.11	0.94	2.37	0.17	4.57	1.32	85.067
0.56	0.87	2.8	0.27	4.95	1.45	280.918
0.43	0.9	3.36	0.42	4.87	1.34	204.128
0.31	0.88	1.95	0.21	3.6	1.2	83.774
0.48	0.88	2.46	0.49	5.11	1.3	149.521
0.21	0.92	2.8	0.09	5.15	1.2	84.504
0.17	0.92	1.87	0.39	4.0	1.27	83.854
0.5	0.97	2.79	0.28	5.96	1.34	150.081
0.14	0.95	1.89	0.38	3.93	1.27	83.806
0.57	0.91	2.47	0.22	5.33	1.37	275.958
0.26	0.89	3.57	0.32	3.1	1.37	243.129
0.43	0.85	2.01	0.49	5.58	1.46	513.313
0.53	0.88	1.88	0.39	3.83	1.4	180.36
0.13	0.91	2.93	0.49	3.49	1.32	84.81
0.61	0.89	2.97	0.37	3.24	1.47	379.048
0.48	0.96	3.35	0.32	3.16	1.49	326.724
0.48	0.99	2.26	0.07	5.44	1.22	80.966
0.36	0.99	2.72	0.19	3.03	1.47	419.117
0.27	0.9	2.11	0.43	3.38	1.35	199.196
0.16	0.87	2.8	0.12	3.12	1.28	83.912
0.56	0.88	3.24	0.08	3.33	1.44	338.16
0.38	0.95	3.42	0.39	5.21	1.38	270.269
0.31	0.97	3.03	0.06	5.37	1.4	345.018
0.23	0.88	2.17	0.17	3.13	1.2	84.13
0.19	0.96	2.73	0.55	5.77	1.45	282.703
0.3	0.92	3.34	0.09	4.85	1.34	199.306
0.55	0.97	2.98	0.38	5.88	1.33	185.827
0.23	0.89	3.42	0.55	5.85	1.21	84.118
0.13	0.9	2.56	0.42	3.48	1.43	82.947
0.5	0.95	1.83	0.36	4.65	1.39	221.234
0.12	0.86	2.0	0.19	5.8	1.32	84.689
0.36	0.92	2.89	0.22	5.33	1.33	190.967
0.18	0.92	2.99	0.41	5.04	1.49	288.187
0.53	0.99	2.62	0.42	4.14	1.34	171.782
0.61	0.97	2.76	0.58	5.4	1.29	157.875
0.5	0.86	2.98	0.53	3.71	1.28	81.591
0.24	0.94	3.31	0.32	5.71	1.29	84.009
0.2	0.9	1.9	0.49	4.13	1.48	249.076
0.57	0.89	2.48	0.11	5.18	1.23	83.828
0.38	0.99	3.52	0.22	3.3	1.33	112.511
0.6	0.97	3.3	0.47	3.03	1.46	357.25
0.11	0.99	2.51	0.54	5.13	1.34	86.393
0.24	0.92	2.73	0.25	3.2	1.28	82.141
0.28	0.89	2.2	0.38	3.97	1.3	83.007
0.25	0.9	2.57	0.51	5.32	1.43	326.053
0.59	0.95	3.11	0.3	3.21	1.32	173.681
0.49	0.99	3.58	0.03	4.42	1.31	147.285
0.34	0.92	3.3	0.02	3.67	1.38	217.776
0.21	0.86	2.46	0.14	3.87	1.49	345.684
0.56	0.87	2.89	0.45	5.2	1.44	271.032
0.45	0.85	3.32	0.49	4.29	1.38	253.192
0.38	0.88	1.82	0.1	3.35	1.39	254.697
0.48	0.91	3.16	0.23	3.64	1.38	224.948
0.31	0.98	2.1	0.14	5.2	1.27	95.108
0.44	0.93	1.91	0.45	5.52	1.4	263.706
0.24	0.99	2.55	0.38	3.6	1.46	370.779
0.25	0.87	3.28	0.56	3.63	1.49	412.363
0.28	0.96	2.03	0.35	5.78	1.31	83.798
0.29	0.95	3.17	0.4	4.92	1.2	83.48
0.62	0.97	2.64	0.16	4.87	1.46	350.89
0.45	0.95	2.52	0.02	5.26	1.2	117.342
0.51	0.88	1.86	0.37	3.44	1.42	258.12
0.31	0.95	2.14	0.38	4.71	1.27	84.048
0.28	0.91	3.41	0.53	3.05	1.24	84.302
0.54	0.92	3.36	0.24	4.41	1.48	358.645
0.39	0.98	2.37	0.17	5.12	1.35	225.382
0.33	0.88	2.15	0.39	4.57	1.49	345.004
0.28	0.93	2.39	0.12	5.73	1.38	228.832
0.58	0.87	2.14	0.35	5.02	1.43	338.139
0.26	0.96	2.15	0.27	5.83	1.48	401.928
0.57	0.92	2.2	0.25	3.47	1.33	98.177
0.54	0.88	3.58	0.38	5.47	1.42	354.368
0.47	0.91	2.46	0.38	5.33	1.37	201.226
0.38	0.92	2.64	0.47	4.72	1.28	81.236
0.36	0.99	3.58	0.41	5.02	1.21	83.253
0.56	0.95	3.14	0.53	5.88	1.45	355.273
0.13	0.88	2.73	0.56	5.19	1.27	86.341
0.31	0.98	3.04	0.53	3.14	1.27	82.783
0.56	0.96	2.51	0.21	5.8	1.46	383.088
0.44	0.93	1.92	0.06	5.35	1.4	249.712
0.53	0.93	2.21	0.52	5.02	1.25	125.272
0.31	0.9	2.53	0.28	3.62	1.3	182.476
0.49	0.98	2.38	0.14	4.01	1.4	263.591
0.61	0.97	3.11	0.39	5.72	1.36	213.857
0.19	0.93	2.0	0.53	4.34	1.38	167.989
0.6	0.91	2.35	0.22	5.57	1.46	369.084
0.36	0.91	2.48	0.18	3.35	1.47	369.643
0.34	0.91	2.23	0.05	3.21	1.4	274.369
0.53	0.86	2.72	0.18	5.0	1.43	362.821
0.35	0.88	2.74	0.43	3.37	1.43	346.329
0.3	0.91	3.13	0.41	5.97	1.29	82.188
0.56	0.98	2.44	0.18	3.45	1.26	82.638
0.14	0.95	3.35	0.41	4.42	1.35	83.225
0.54	0.97	2.58	0.26	5.07	1.3	95.454
0.18	0.91	3.0	0.48	3.9	1.2	84.558
0.15	0.87	2.01	0.48	4.41	1.23	85.64
0.46	0.87	2.29	0.2	3.59	1.25	82.79
0.42	0.98	3.09	0.42	3.84	1.26	94.404
0.27	0.93	2.35	0.25	3.31	1.45	350.517
0.33	0.94	2.45	0.45	5.53	1.41	248.582
0.37	0.85	1.95	0.18	4.55	1.4	227.821
0.23	0.85	2.71	0.28	5.91	1.45	392.683
0.18	0.92	3.37	0.22	5.59	1.37	179.913
0.14	0.9	2.82	0.29	3.4	1.28	85.192
0.36	0.87	3.06	0.29	5.67	1.21	84.269
0.49	0.93	3.28	0.04	3.66	1.48	477.868
0.2	0.88	2.48	0.37	4.84	1.3	83.518
0.43	0.93	2.7	0.16	3.79	1.39	223.351
0.57	0.96	3.31	0.06	3.94	1.47	470.785
0.11	0.99	3.14	0.06	5.06	1.27	86.538
0.47	0.94	2.48	0.26	5.59	1.24	85.15
0.37	0.95	1.92	0.25	5.81	1.26	84.255
0.52	0.87	3.56	0.22	4.99	1.43	284.148
0.23	0.95	3.5	0.44	3.64	1.34	146.586
0.4	0.99	2.76	0.58	4.66	1.36	229.096
0.2	0.85	2.24	0.45	4.66	1.34	173.307
0.44	0.99	3.12	0.37	3.64	1.25	87.216
0.36	0.85	2.71	0.36	4.76	1.37	230.934
0.41	0.98	3.39	0.51	5.46	1.44	273.411
0.12	0.9	2.01	0.13	5.99	1.32	85.042
0.18	0.9	2.48	0.16	3.32	1.36	173.073
0.1	0.94	2.23	0.1	5.69	1.44	85.309
0.51	0.93	2.02	0.09	4.23	1.44	366.016
0.35	0.85	2.32	0.07	4.09	1.43	336.127
0.4	0.96	3.13	0.31	5.36	1.22	95.097
0.43	0.9	3.33	0.13	4.93	1.43	344.193
0.37	0.97	2.4	0.57	5.95	1.31	164.328
0.38	0.85	2.2	0.2	5.35	1.27	97.715
0.46	0.88	2.13	0.03	5.19	1.28	83.316
0.58	0.95	3.01	0.02	5.75	1.34	187.936
0.47	0.91	3.45	0.48	4.96	1.38	156.087
0.57	0.88	2.45	0.29	5.54	1.35	206.644
0.35	0.94	2.69	0.34	3.04	1.34	202.896
0.5	0.92	3.32	0.57	3.77	1.45	363.303
0.56	0.9	3.05	0.58	4.53	1.49	444.414
0.24	0.92	3.49	0.38	4.17	1.28	83.957
0.21	0.92	3.18	0.32	4.42	1.33	141.446
0.57	0.91	2.09	0.42	3.24	1.22	88.233
0.2	0.92	2.56	0.53	5.87	1.22	84.421
0.44	0.91	3.43	0.26	4.66	1.35	171.533
0.56	0.94	2.94	0.59	4.65	1.28	134.033
0.31	0.95	3.54	0.46	5.16	1.38	208.745
0.63	0.85	2.1	0.17	3.33	1.4	386.778
0.16	0.91	2.65	0.28	4.26	1.23	86.06
0.51	0.96	2.7	0.19	3.22	1.21	92.701
0.2	0.99	3.09	0.21	4.53	1.33	152.26
0.4	0.99	2.38	0.13	4.86	1.27	176.164
0.41	0.93	1.8	0.19	5.03	1.35	152.922
0.6	0.87	2.87	0.47	4.65	1.35	207.924
0.52	0.97	2.32	0.07	4.33	1.39	232.052
0.23	0.97	2.17	0.49	4.84	1.47	490.139
0.39	0.99	2.49	0.37	3.0	1.34	184.842
0.51	0.96	3.42	0.51	5.21	1.35	230.89
0.36	0.93	3.55	0.21	3.93	1.46	368.152
0.4	0.95	2.71	0.04	5.01	1.27	155.687
0.45	0.97	2.06	0.13	3.66	1.46	342.987
0.5	0.85	2.63	0.26	4.65	1.37	189.51
0.29	0.91	3.24	0.37	4.24	1.45	288.474
0.38	0.92	3.59	0.3	5.96	1.34	176.812
0.62	0.95	3.25	0.49	4.27	1.35	226.577
0.18	0.88	2.69	0.04	4.82	1.31	82.934
0.16	0.98	3.04	0.42	3.62	1.3	82.849
0.37	0.94	2.33	0.35	3.5	1.25	83.824
0.46	0.95	2.43	0.2	4.52	1.43	424.754
0.46	0.94	2.32	0.23	5.77	1.46	366.927
0.15	0.99	2.6	0.33	4.33	1.22	84.731
0.21	0.98	3.09	0.37	3.87	1.28	83.958
0.25	0.99	3.2	0.14	5.77	1.34	192.313
0.48	0.97	3.54	0.21	4.75	1.26	127.86
0.55	0.91	3.07	0.41	5.23	1.24	86.923
0.64	0.91	2.21	0.59	3.56	1.26	103.114
0.1	0.95	1.92	0.56	4.72	1.46	85.388
0.48	0.91	2.56	0.12	4.23	1.31	88.901
0.58	0.95	2.38	0.05	4.88	1.39	376.837
0.57	0.98	2.32	0.18	3.24	1.3	186.75
0.13	0.97	2.0	0.18	3.26	1.35	83.997
0.55	0.86	1.96	0.58	5.81	1.29	98.436
0.15	0.86	3.22	0.24	4.25	1.3	83.917
0.39	0.89	1.84	0.22	3.03	1.48	342.69
0.27	0.88	2.47	0.41	5.91	1.36	92.292
0.35	0.97	2.45	0.25	3.63	1.38	187.677
0.29	0.91	2.94	0.22	4.74	1.46	364.142
0.38	0.9	3.45	0.07	5.22	1.42	333.048
0.24	0.96	2.41	0.41	4.12	1.22	84.445
0.59	0.95	3.28	0.58	3.72	1.37	217.471
0.18	0.95	1.8	0.34	4.14	1.45	282.968
0.64	0.87	2.06	0.27	5.98	1.28	142.015
0.17	0.89	1.87	0.23	4.2	1.41	179.334
0.59	0.87	2.82	0.53	3.36	1.48	363.247
0.21	0.97	3.16	0.42	5.84	1.28	82.559
0.24	0.96	1.89	0.27	3.82	1.48	354.467
0.63	0.88	2.18	0.44	3.83	1.27	93.659
0.62	0.88	2.27	0.12	3.34	1.22	81.954
0.41	0.9	3.41	0.25	3.32	1.26	91.085
0.51	0.98	2.73	0.05	4.87	1.33	216.72
0.49	0.87	3.36	0.19	5.3	1.25	81.723
0.4	0.96	3.3	0.03	3.81	1.45	326.502
0.54	0.99	1.87	0.1	4.83	1.45	350.359
0.53	0.93	2.16	0.2	3.05	1.46	510.165
0.52	0.87	2.35	0.38	4.89	1.36	185.448
0.52	0.87	3.22	0.05	3.93	1.47	428.489
0.39	0.91	2.32	0.34	4.69	1.45	368.232
0.58	0.99	3.32	0.33	3.88	1.4	199.796
0.4	0.97	3.4	0.06	3.27	1.29	122.845
0.53	0.99	2.96	0.25	5.73	1.37	227.035
0.18	0.98	3.27	0.25	3.64	1.27	84.19
0.16	0.9	2.11	0.43	5.44	1.31	84.076
0.56	0.87	2.03	0.22	4.51	1.2	129.728
0.41	0.89	3.55	0.36	4.74	1.39	273.611
0.5	0.95	3.35	0.06	4.24	1.27	99.173
0.61	0.85	1.95	0.41	3.7	1.43	338.15
0.25	0.88	3.29	0.44	5.38	1.41	347.192
0.29	0.95	3.59	0.27	5.29	1.21	82.615
0.25	0.88	1.91	0.12	4.2	1.48	341.672
0.22	0.91	2.04	0.29	3.31	1.38	82.231
0.62	0.92	2.46	0.29	3.8	1.35	170.015
0.61	0.89	3.14	0.54	5.65	1.26	82.359
0.54	0.91	2.26	0.42	5.09	1.37	199.328
0.46	0.88	2.75	0.36	3.47	1.36	195.005
0.22	0.87	2.57	0.35	5.69	1.45	274.752
0.63	0.89	2.27	0.15	4.33	1.43	295.492
0.1	0.97	2.25	0.44	3.93	1.48	85.563
0.59	0.99	1.98	0.5	4.48	1.38	197.194
0.1	0.9	2.95	0.2	3.75	1.32	86.131
0.33	0.86	2.37	0.55	4.2	1.29	83.532
0.41	0.97	1.98	0.54	4.55	1.26	100.289
0.39	0.86	1.86	0.24	3.24	1.25	97.291
0.23	0.98	1.89	0.18	4.64	1.42	260.851
0.29	0.93	2.86	0.31	4.33	1.28	84.062
0.17	0.99	3.51	0.53	5.58	1.2	84.641
0.38	0.87	2.28	0.14	3.65	1.46	349.447
0.37	0.87	2.41	0.17	4.72	1.35	215.668
0.27	0.86	2.47	0.52	5.61	1.24	84.233
0.47	0.97	2.68	0.29	3.75	1.34	183.728
0.11	0.86	3.33	0.38	5.6	1.26	86.644
0.29	0.94	2.06	0.39	4.4	1.45	280.556
0.19	0.94	2.17	0.55	3.59	1.37	125.713
0.55	0.86	2.79	0.23	3.66	1.25	108.492
0.15	0.96	3.12	0.55	3.27	1.26	84.255
0.45	0.87	1.89	0.29	4.66	1.21	97.182
0.18	0.85	3.54	0.43	5.2	1.47	261.496
0.18	0.99	2.49	0.41	5.2	1.4	178.146
0.53	0.91	2.93	0.25	5.75	1.37	170.582
0.37	0.95	3.55	0.32	5.28	1.37	161.275
0.32	0.88	2.41	0.15	5.07	1.44	263.435
0.47	0.86	3.06	0.29	3.34	1.4	248.425
0.17	0.98	2.01	0.59	4.12	1.33	83.671
0.31	0.86	1.85	0.32	3.87	1.35	206.736
0.29	0.99	3.14	0.32	4.82	1.28	84.483
0.21	0.99	2.63	0.06	5.96	1.25	84.11
0.43	0.93	3.59	0.3	4.74	1.33	180.734
0.22	0.88	2.14	0.44	4.81	1.3	135.573
0.46	0.99	1.92	0.57	3.44	1.31	91.552
0.55	0.94	3.56	0.04	3.94	1.3	103.56
0.51	0.94	2.77	0.58	3.22	1.33	93.284
0.58	0.88	2.21	0.35	5.53	1.22	83.073
0.43	0.98	3.31	0.44	4.66	1.2	84.358
0.15	0.97	3.45	0.52	5.69	1.37	83.933
0.18	0.96	2.34	0.03	5.28	1.46	281.86
0.38	0.9	3.16	0.49	3.92	1.29	97.554
0.12	0.91	3.03	0.5	3.87	1.49	159.317
0.49	0.87	2.1	0.54	5.77	1.29	150.698
0.52	0.97	2.64	0.5	3.64	1.21	133.963
0.15	0.88	2.57	0.32	4.68	1.47	262.636
0.35	0.92	1.99	0.15	5.08	1.3	140.451
0.25	0.9	3.04	0.54	4.36	1.28	82.716
0.41	0.85	3.58	0.09	3.56	1.28	93.408
0.32	0.97	2.87	0.52	3.84	1.29	94.694
0.51	0.97	1.98	0.49	4.96	1.49	351.965
0.13	0.98	3.27	0.3	5.73	1.33	84.26
0.6	0.91	3.56	0.46	4.57	1.29	163.876
0.57	0.91	3.41	0.33	3.05	1.3	96.292
0.38	0.9	1.85	0.34	4.85	1.33	140.998
0.32	0.92	2.96	0.16	5.87	1.48	357.569
0.6	0.99	1.95	0.12	5.71	1.47	428.013
0.54	0.94	2.99	0.19	4.01	1.4	253.615
0.26	0.93	3.11	0.5	4.43	1.25	83.782
0.29	0.9	2.57	0.05	4.1	1.36	197.909
0.11	0.9	3.35	0.15	3.19	1.4	85.135
0.6	0.86	2.02	0.44	3.34	1.38	249.59
0.58	0.92	3.49	0.46	3.32	1.48	336.348
0.49	0.99	2.14	0.2	5.18	1.28	89.757
0.28	0.9	2.37	0.05	4.3	1.47	387.917
0.2	0.98	3.13	0.34	5.76	1.3	83.629
0.42	0.93	2.43	0.1	4.92	1.36	182.821
0.37	0.91	3.36	0.52	3.21	1.42	268.531
0.37	0.85	2.04	0.51	3.99	1.29	96.455
0.33	0.87	2.07	0.05	5.3	1.39	333.993
0.27	0.99	3.54	0.26	5.09	1.24	134.974
0.33	0.9	3.29	0.44	5.53	1.2	83.685
0.19	0.86	2.44	0.57	3.46	1.35	149.707
0.29	0.87	2.92	0.58	5.01	1.4	278.798
0.38	0.88	2.75	0.28	3.61	1.31	159.86
0.17	0.88	2.61	0.12	5.26	1.41	262.949
0.35	0.96	2.51	0.26	3.73	1.32	158.235
0.42	0.95	3.47	0.31	5.26	1.31	203.677
0.41	0.9	2.23	0.21	4.58	1.36	195.437
0.23	0.99	2.1	0.36	4.13	1.41	325.492
0.48	0.94	3.08	0.1	3.96	1.45	326.778
0.2	0.87	1.92	0.14	5.7	1.39	170.621
0.27	0.88	3.59	0.28	5.95	1.31	160.506
0.14	0.91	2.19	0.12	4.96	1.35	84.901
0.35	0.91	2.88	0.56	4.92	1.48	368.21
0.47	0.94	2.27	0.28	3.51	1.25	127.741
0.29	0.91	3.35	0.22	3.11	1.21	84.12
0.16	0.89	3.34	0.33	4.79	1.32	84.532
0.61	0.89	3.15	0.28	4.04	1.42	296.546
0.34	0.94	1.98	0.12	4.32	1.42	295.91
0.44	0.9	2.79	0.22	5.1	1.35	154.983
0.29	0.89	3.47	0.34	5.44	1.46	304.07
0.52	0.98	3.06	0.44	4.93	1.21	83.63
0.17	0.87	3.28	0.1	3.12	1.36	147.136
0.4	0.94	1.97	0.51	5.85	1.33	171.723
0.64	0.92	3.53	0.14	5.19	1.37	215.422
0.11	0.98	2.31	0.36	5.13	1.29	86.316
0.32	0.86	1.96	0.3	4.02	1.26	84.031
0.25	0.95	3.55	0.45	3.59	1.31	83.276
0.27	0.88	2.18	0.14	4.84	1.44	333.731
0.15	0.9	2.94	0.28	4.61	1.47	262.381
0.15	0.93	3.07	0.43	4.55	1.28	83.255
0.2	0.94	2.47	0.29	3.27	1.35	181.686
0.45	0.86	2.35	0.33	5.1	1.47	355.872
0.42	0.95	2.52	0.06	3.3	1.35	206.857
0.51	0.97	2.13	0.13	5.97	1.2	83.257
0.43	0.9	2.55	0.29	3.68	1.34	200.721
0.41	0.87	2.57	0.28	3.32	1.42	268.518
0.21	0.86	2.25	0.22	4.59	1.31	83.695
0.1	0.94	1.96	0.58	3.77	1.43	85.877
0.3	0.97	2.64	0.22	4.56	1.3	83.018
0.11	0.94	2.19	0.21	4.04	1.48	85.284
0.54	0.92	3.26	0.16	3.66	1.23	90.785
0.24	0.97	2.8	0.15	3.28	1.27	84.117
0.47	0.87	3.29	0.43	3.93	1.24	90.495
0.57	0.89	3.12	0.29	4.63	1.47	469.934
0.45	0.93	2.8	0.21	5.97	1.24	82.0
0.47	0.85	2.58	0.53	4.15	1.38	203.969
0.24	0.9	2.73	0.4	4.44	1.4	348.511
0.14	0.88	2.27	0.51	5.13	1.49	256.185
0.34	0.97	2.5	0.44	5.42	1.3	112.225
0.43	0.86	3.47	0.1	3.06	1.21	82.908
0.13	0.95	3.38	0.17	3.41	1.24	85.377
0.42	0.93	3.22	0.17	5.14	1.26	83.639
0.33	0.97	3.36	0.16	4.85	1.34	155.948
0.33	0.88	3.13	0.53	4.84	1.32	148.393
0.57	0.89	2.22	0.44	4.94	1.48	472.353
0.3	0.96	2.44	0.33	5.25	1.48	408.294
0.37	0.97	2.39	0.04	4.0	1.3	99.242
0.14	0.87	3.55	0.26	3.13	1.49	283.085
0.29	0.94	3.33	0.56	3.17	1.24	83.415
0.41	0.95	3.08	0.38	4.45	1.39	233.878
0.13	0.86	2.46	0.08	3.12	1.36	85.54
0.39	0.98	2.55	0.41	5.94	1.25	102.206
0.53	0.9	3.38	0.23	3.66	1.34	158.037
0.3	0.96	3.4	0.46	3.37	1.47	399.804
0.55	0.94	2.57	0.36	5.69	1.34	188.066
0.37	0.89	3.53	0.11	5.9	1.3	93.757
0.25	0.91	1.95	0.07	3.41	1.4	271.245
0.29	0.89	3.05	0.58	3.43	1.45	352.79
0.27	0.97	2.66	0.25	4.15	1.31	138.49
0.64	0.88	2.09	0.06	5.12	1.39	293.626
0.15	0.98	2.72	0.48	3.97	1.42	163.588
0.16	0.87	2.22	0.5	4.28	1.49	268.706
0.37	0.95	3.56	0.5	5.41	1.39	255.864
0.54	0.99	2.34	0.27	4.81	1.33	147.574
0.53	0.97	2.52	0.27	3.8	1.25	131.323
0.45	0.91	3.31	0.57	5.9	1.28	94.738
0.25	0.85	3.01	0.19	3.72	1.34	148.947
0.36	0.96	2.6	0.15	5.13	1.21	85.27
0.56	0.87	3.58	0.46	3.61	1.32	147.831
0.53	0.92	2.21	0.49	4.43	1.26	82.611
0.12	0.96	3.31	0.56	4.02	1.24	85.499
0.11	0.92	2.38	0.47	4.99	1.43	85.426
0.3	0.94	1.86	0.5	5.52	1.26	81.531
0.33	0.9	2.91	0.53	4.59	1.43	283.23
0.28	0.99	2.04	0.12	4.88	1.46	419.037
0.4	0.98	1.87	0.55	3.66	1.28	94.435
0.52	0.85	2.14	0.24	5.27	1.32	172.26
0.49	0.85	1.97	0.52	3.17	1.49	349.52
0.33	0.92	1.94	0.24	3.75	1.42	257.774
0.57	0.96	3.48	0.37	4.48	1.42	384.383
0.39	0.89	2.8	0.29	4.57	1.23	83.341
0.16	0.96	2.9	0.12	3.95	1.3	84.599
0.32	0.92	3.25	0.52	4.03	1.49	488.223
0.18	0.86	2.03	0.16	3.07	1.49	274.153
0.52	0.88	1.86	0.03	5.68	1.49	478.797
0.22	0.92	2.31	0.13	5.14	1.2	81.778
0.61	0.85	3.18	0.18	4.16	1.24	90.484
0.5	0.92	2.8	0.37	3.66	1.4	293.201
0.46	0.87	2.4	0.55	4.63	1.38	203.937
0.37	0.96	3.4	0.27	3.1	1.42	335.557
0.61	0.91	2.36	0.09	3.88	1.42	257.225
0.28	0.98	2.68	0.19	5.63	1.35	205.919
0.38	0.87	3.12	0.56	3.55	1.47	324.603
0.52	0.87	3.2	0.32	3.01	1.26	83.228
0.5	0.96	2.59	0.35	3.19	1.49	478.492
0.29	0.94	3.43	0.05	5.27	1.37	226.778
0.5	0.99	3.52	0.38	3.26	1.44	287.173
0.42	0.99	2.82	0.33	3.62	1.49	359.912
0.3	0.93	2.23	0.08	3.75	1.45	332.501
0.22	0.99	2.18	0.22	4.45	1.34	141.07
0.53	0.91	3.21	0.59	3.99	1.26	106.366
0.16	0.96	2.39	0.21	5.39	1.47	262.78
0.34	0.98	2.9	0.48	4.78	1.39	145.704
0.44	0.97	1.93	0.13	3.55	1.33	181.352
0.38	0.92	2.14	0.24	3.75	1.36	235.228
0.24	0.98	2.01	0.3	4.59	1.37	278.569
0.24	0.98	2.47	0.51	4.61	1.21	84.401
0.24	0.96	2.71	0.57	4.98	1.27	83.252
0.57	0.86	2.23	0.1	5.95	1.32	176.079
0.54	0.92	2.03	0.31	3.13	1.24	92.734
0.3	0.87	3.56	0.58	4.56	1.28	155.997
0.35	0.9	2.52	0.34	3.08	1.45	381.735
0.57	0.89	3.46	0.04	3.13	1.33	159.985
0.13	0.99	3.21	0.09	4.34	1.28	85.73
0.54	0.97	2.17	0.45	3.58	1.29	177.25
0.53	0.87	1.95	0.37	3.28	1.22	82.776
0.58	0.96	3.11	0.02	3.98	1.28	95.716
0.33	0.85	2.62	0.46	4.72	1.22	82.697
0.42	0.98	3.12	0.54	3.14	1.25	92.863
0.41	0.89	3.11	0.14	5.72	1.33	234.888
0.17	0.88	2.93	0.21	5.94	1.47	294.884
0.34	0.99	3.22	0.43	4.58	1.42	353.638
0.19	0.99	2.52	0.15	3.1	1.4	157.807
0.45	0.97	2.86	0.17	3.76	1.27	94.112
0.13	0.99	3.09	0.04	3.07	1.2	86.359
0.36	0.96	3.08	0.29	4.11	1.39	273.505
0.6	0.91	2.72	0.36	3.46	1.33	198.12
0.21	0.94	2.55	0.59	3.16	1.38	155.445
0.6	0.95	3.26	0.57	5.14	1.42	350.557
0.28	0.96	2.95	0.23	3.13	1.25	84.024
0.15	0.98	2.9	0.14	3.55	1.35	84.297
0.25	0.93	2.86	0.28	5.7	1.44	355.045
0.6	0.9	2.78	0.03	5.85	1.43	332.942
0.59	0.92	2.58	0.19	5.66	1.31	136.846
0.42	0.9	2.6	0.12	5.69	1.23	84.597
0.16	0.85	3.04	0.48	3.65	1.21	84.388
0.56	0.9	3.57	0.39	3.82	1.3	96.428
0.19	0.96	2.11	0.18	4.06	1.22	85.316
0.33	0.88	2.09	0.53	4.63	1.33	168.947
0.61	0.99	3.0	0.15	5.28	1.2	83.428
0.34	0.87	3.01	0.08	3.77	1.2	84.462
0.1	0.87	3.14	0.15	5.45	1.29	85.672
0.56	0.95	3.37	0.52	4.22	1.33	180.468
0.23	0.96	3.24	0.45	4.37	1.3	84.469
0.45	0.89	2.93	0.35	3.95	1.49	361.937
0.24	0.94	3.25	0.55	4.49	1.3	83.158
0.5	0.94	2.09	0.14	5.07	1.43	247.883
0.23	0.86	1.87	0.43	5.4	1.48	354.075
0.14	0.89	3.15	0.58	3.73	1.44	180.887
0.38	0.91	3.11	0.23	5.79	1.23	131.88
0.25	0.88	2.12	0.29	3.26	1.49	448.847
0.45	0.9	2.73	0.21	3.87	1.46	347.707
0.35	0.86	2.98	0.48	3.0	1.25	89.451
0.39	0.94	2.57	0.49	4.7	1.22	84.104
0.17	0.98	2.53	0.5	5.2	1.47	173.023
0.6	0.88	2.27	0.36	4.94	1.33	174.409
0.59	0.98	3.37	0.49	4.68	1.25	82.261
0.47	0.91	2.3	0.13	4.04	1.28	153.109
0.1	0.89	2.19	0.56	4.45	1.26	86.579
0.19	0.91	2.55	0.35	5.27	1.3	82.747
0.17	0.91	3.42	0.59	5.62	1.4	272.855
0.43	0.98	2.74	0.38	4.02	1.33	217.389
0.61	0.98	3.18	0.37	4.79	1.41	250.966
0.52	0.87	2.7	0.58	4.9	1.24	82.609
0.31	0.92	2.94	0.2	3.6	1.35	161.192
0.34	0.94	3.31	0.35	5.61	1.4	278.777
0.5	0.93	3.51	0.23	4.1	1.35	118.223
0.38	0.99	2.71	0.12	5.43	1.37	187.288
0.12	0.85	1.94	0.09	4.14	1.29	83.635
0.32	0.85	3.56	0.33	4.91	1.25	84.864
0.41	0.91	2.47	0.32	3.74	1.22	89.224
0.12	0.88	3.37	0.25	5.88	1.24	84.603
0.42	0.9	2.54	0.23	5.52	1.36	263.966
0.6	0.9	2.96	0.13	5.37	1.49	425.013
0.36	0.9	2.91	0.11	4.46	1.34	98.69
0.56	0.85	2.97	0.34	4.93	1.31	96.618
0.46	0.89	3.2	0.37	4.13	1.22	88.269
0.61	0.92	1.93	0.56	5.88	1.35	182.986
0.35	0.87	2.17	0.26	4.12	1.41	213.626
0.58	0.92	2.41	0.1	4.54	1.36	206.875
0.48	0.86	2.55	0.57	5.93	1.49	473.177
0.55	0.98	3.35	0.43	5.11	1.38	344.157
0.25	0.95	1.96	0.42	4.62	1.36	232.03
0.52	0.98	2.35	0.58	4.06	1.3	94.523
0.54	0.99	3.52	0.14	3.81	1.43	367.467
0.42	0.92	2.08	0.42	5.62	1.29	96.712
0.12	0.96	2.82	0.55	3.0	1.41	84.95
0.14	0.96	3.02	0.4	5.33	1.4	133.294
0.11	0.98	1.81	0.4	4.14	1.27	87.229
0.23	0.86	2.1	0.27	5.52	1.33	144.536
0.4	0.86	3.37	0.53	5.42	1.2	83.317
0.15	0.95	2.01	0.28	4.48	1.42	144.92
0.47	0.96	2.54	0.35	3.56	1.31	93.72
0.54	0.95	2.79	0.24	4.9	1.46	331.754
0.51	0.88	3.53	0.13	4.6	1.4	236.728
0.22	0.96	1.8	0.22	4.22	1.3	146.918
0.48	0.93	3.08	0.21	4.11	1.24	91.219
0.22	0.93	2.35	0.44	4.12	1.2	83.218
0.38	0.87	2.1	0.31	5.94	1.3	92.162
0.54	0.87	3.15	0.57	3.07	1.29	91.334
0.28	0.98	3.19	0.31	5.12	1.25	83.231
0.14	0.99	1.95	0.19	4.77	1.46	171.506
0.19	0.89	3.19	0.03	5.3	1.31	82.986
0.59	0.89	2.5	0.23	5.72	1.3	92.042
0.25	0.97	2.81	0.3	4.26	1.38	192.581
0.56	0.87	1.91	0.46	3.83	1.39	179.193
0.13	0.98	2.93	0.25	5.18	1.2	86.028
0.48	0.88	2.94	0.1	3.37	1.31	92.591
0.2	0.9	2.76	0.4	5.08	1.37	172.138
0.26	0.97	3.37	0.25	5.47	1.49	355.177
0.21	0.98	2.56	0.35	3.93	1.23	83.776
0.22	0.99	1.86	0.57	5.89	1.36	145.577
0.32	0.97	2.08	0.45	4.63	1.24	83.124
0.13	0.93	2.09	0.13	3.38	1.48	142.309
0.56	0.92	2.19	0.14	4.1	1.29	156.357
0.37	0.92	3.51	0.36	4.12	1.39	286.92
0.62	0.91	2.7	0.18	5.01	1.39	358.549
0.45	0.9	3.19	0.02	4.62	1.39	205.901
0.28	0.99	2.38	0.35	5.95	1.37	232.824
0.45	0.95	2.64	0.37	5.59	1.48	417.852
0.34	0.99	3.51	0.06	3.1	1.39	279.744
0.15	0.92	2.98	0.09	4.39	1.25	84.469
0.57	0.87	3.02	0.17	3.96	1.47	328.111
0.35	0.95	2.62	0.28	5.51	1.3	114.227
0.29	0.86	2.44	0.13	3.73	1.31	81.992
0.43	0.9	1.81	0.27	5.21	1.38	210.495
0.58	0.9	2.25	0.08	4.84	1.3	168.204
0.15	0.96	2.5	0.55	4.8	1.22	84.211
0.52	0.92	2.44	0.02	5.97	1.43	386.196
0.33	0.93	2.17	0.55	3.38	1.26	84.862
0.14	0.94	2.12	0.53	5.09	1.36	84.079
0.36	0.86	2.98	0.35	4.55	1.25	82.964
0.38	0.97	2.9	0.5	3.41	1.43	337.047
0.48	0.87	2.75	0.22	4.76	1.31	145.874
0.32	0.89	2.9	0.56	5.45	1.2	82.979
0.16	0.9	2.69	0.1	3.16	1.48	267.347
0.34	0.98	1.91	0.45	3.58	1.41	273.839
0.38	0.95	3.28	0.23	3.26	1.25	84.823
0.46	0.86	2.77	0.48	4.73	1.23	82.573
0.49	0.94	3.11	0.12	5.01	1.35	121.829
0.19	0.9	2.99	0.31	3.8	1.34	83.921
0.17	0.96	2.71	0.12	3.37	1.36	181.846
0.22	0.91	1.85	0.21	3.6	1.46	357.096
0.41	0.88	3.49	0.28	5.49	1.45	352.286
0.35	0.98	1.94	0.15	5.28	1.3	94.286
0.12	0.93	2.83	0.45	3.95	1.37	83.92
0.27	0.87	2.92	0.03	4.6	1.22	83.837
0.47	0.88	3.3	0.53	4.62	1.3	90.543
0.25	0.91	2.31	0.49	4.09	1.24	83.275
0.29	0.93	2.83	0.07	4.89	1.27	83.842
0.51	0.86	3.38	0.25	4.46	1.27	135.676
0.27	0.92	3.3	0.04	3.7	1.46	360.421
0.14	0.85	2.01	0.58	3.42	1.27	83.707
0.57	0.94	3.0	0.11	3.38	1.34	156.318
0.12	0.93	2.37	0.5	5.31	1.3	85.207
0.63	0.92	2.17	0.22	5.76	1.36	348.595
0.47	0.95	2.11	0.19	5.14	1.46	346.44
0.4	0.89	2.2	0.12	3.98	1.22	120.158
0.24	0.88	2.07	0.06	3.39	1.29	144.871
0.33	0.93	2.31	0.45	5.53	1.32	159.412
0.15	0.98	2.96	0.02	5.77	1.39	84.254
0.4	0.9	2.83	0.45	4.61	1.46	304.387
0.18	0.89	3.04	0.18	4.55	1.25	85.408
0.2	0.89	2.77	0.15	3.42	1.21	85.139
0.16	0.98	3.49	0.02	4.23	1.43	263.016
0.53	0.96	3.44	0.02	5.33	1.39	223.199
0.3	0.86	2.19	0.31	5.45	1.39	358.191
0.28	0.91	2.81	0.4	3.7	1.22	84.082
0.18	0.93	2.19	0.33	5.9	1.25	84.888
0.42	0.89	2.65	0.19	3.35	1.22	87.993
0.49	0.95	3.13	0.43	3.26	1.48	465.364
0.54	0.85	2.25	0.46	5.72	1.21	179.411
0.21	0.99	2.09	0.35	5.12	1.44	201.155
0.3	0.96	2.43	0.37	4.72	1.23	83.873
0.59	0.89	3.54	0.05	4.36	1.28	96.578
0.42	0.93	3.18	0.1	4.01	1.42	252.117
0.44	0.96	2.9	0.43	3.94	1.25	141.952
0.16	0.94	3.16	0.36	5.63	1.38	141.088
0.15	0.91	2.34	0.47	3.34	1.43	274.879
0.19	0.99	3.59	0.42	4.58	1.25	83.57
0.61	0.86	3.46	0.09	5.78	1.2	83.085
0.51	0.9	2.67	0.44	5.3	1.36	221.278
0.34	0.87	3.3	0.5	3.19	1.32	172.066
0.37	0.98	2.9	0.54	5.69	1.29	94.87
0.13	0.96	2.04	0.05	4.41	1.23	86.141
0.32	0.99	3.38	0.14	4.85	1.43	351.772
0.15	0.92	2.78	0.36	4.54	1.42	170.989
0.18	0.91	1.86	0.47	3.02	1.2	84.205
0.61	0.92	2.38	0.38	4.32	1.36	226.508
0.43	0.85	2.98	0.25	4.62	1.31	152.468
0.37	0.9	2.13	0.44	3.44	1.38	218.217
0.29	0.97	3.15	0.28	4.8	1.22	83.259
0.58	0.87	3.11	0.08	4.4	1.46	360.907
0.1	0.86	2.2	0.08	3.91	1.44	85.37
0.19	0.99	2.93	0.2	4.84	1.32	143.103
0.26	0.97	3.46	0.39	4.64	1.23	85.064
0.31	0.87	2.76	0.06	3.59	1.37	191.293
0.37	0.86	2.71	0.59	4.97	1.36	217.749
0.12	0.9	2.86	0.56	5.91	1.48	83.901
0.47	0.92	2.12	0.38	3.87	1.24	155.827
0.4	0.94	2.43	0.41	3.75	1.23	83.933
0.25	0.88	2.42	0.38	5.85	1.49	359.793
0.14	0.92	1.8	0.54	5.9	1.42	82.533
0.4	0.86	1.8	0.18	5.69	1.37	206.565
0.5	0.87	3.34	0.19	4.04	1.39	345.937
0.49	0.99	3.57	0.27	3.42	1.45	364.559
0.53	0.85	2.7	0.17	3.92	1.21	83.708
0.57	0.9	2.14	0.31	5.53	1.32	184.873
0.35	0.91	1.91	0.16	5.63	1.38	241.549
0.56	0.86	2.17	0.14	4.5	1.49	469.145
0.57	0.87	3.2	0.11	4.16	1.27	130.719
0.23	0.98	2.14	0.51	3.28	1.32	152.722
0.56	0.94	2.23	0.21	4.23	1.49	400.053
0.51	0.86	2.04	0.02	5.18	1.41	266.442
0.13	0.96	3.15	0.32	3.29	1.36	83.177
0.62	0.93	2.51	0.23	3.47	1.29	97.775
0.49	0.93	2.51	0.08	3.14	1.35	183.304
0.35	0.97	3.27	0.39	3.6	1.24	83.476
0.13	0.97	3.22	0.1	4.95	1.36	85.108
0.63	0.89	2.92	0.05	3.29	1.48	470.747
0.22	0.96	3.35	0.35	4.55	1.33	146.417
0.56	0.89	1.82	0.12	4.71	1.36	274.673
0.61	0.9	2.69	0.58	4.76	1.39	211.865
0.56	0.96	2.45	0.05	5.32	1.42	222.225
0.62	0.92	2.64	0.33	4.31	1.35	172.951
0.48	0.85	3.33	0.59	3.0	1.32	90.895
0.26	0.88	3.15	0.49	4.18	1.29	84.22
0.37	0.97	2.87	0.56	5.27	1.25	142.318
0.38	0.97	2.11	0.35	3.63	1.22	83.429
0.19	0.97	2.38	0.13	5.04	1.28	82.982
0.35	0.98	1.8	0.52	4.11	1.28	92.739
0.34	0.86	2.2	0.23	4.89	1.26	141.622
0.18	0.93	2.44	0.47	4.05	1.23	84.291
0.64	0.92	3.02	0.57	4.32	1.45	281.839
0.21	0.96	1.89	0.54	5.12	1.37	267.4
0.47	0.94	2.39	0.14	5.17	1.35	227.047
0.14	0.94	3.51	0.23	3.99	1.42	139.967
0.22	0.9	2.25	0.32	4.89	1.35	172.627
0.56	0.95	3.24	0.5	5.68	1.22	87.372
0.4	0.87	3.5	0.5	4.31	1.23	82.061
0.21	0.9	2.2	0.06	3.56	1.47	348.426
0.45	0.94	2.39	0.07	4.63	1.43	333.814
0.43	0.85	3.01	0.14	5.77	1.26	163.48
0.31	0.96	1.83	0.58	5.07	1.22	83.3
0.6	0.99	3.37	0.42	4.37	1.46	354.706
0.52	0.97	3.53	0.09	3.12	1.46	352.3
0.52	0.85	3.14	0.35	5.72	1.48	411.889
0.33	0.87	2.9	0.4	3.56	1.45	304.284
0.45	0.89	3.05	0.24	3.71	1.38	220.074
0.21	0.98	3.49	0.21	3.66	1.42	178.999
0.12	0.87	3.13	0.05	3.25	1.49	129.112
0.32	0.98	3.16	0.03	4.56	1.33	171.651
0.43	0.9	1.94	0.34	4.19	1.43	215.936
0.61	0.94	2.35	0.43	3.76	1.21	83.933
0.55	0.99	2.6	0.21	3.98	1.44	413.906
0.16	0.94	2.32	0.53	3.88	1.32	84.488
0.13	0.88	3.58	0.18	3.8	1.26	86.342
0.43	0.95	1.99	0.22	5.03	1.46	338.379
0.44	0.95	2.19	0.07	4.83	1.42	352.196
0.32	0.91	3.1	0.28	5.34	1.23	82.679
0.43	0.95	2.25	0.51	3.85	1.4	358.288
0.6	0.9	2.23	0.38	5.53	1.44	326.7
0.53	0.88	2.84	0.33	3.24	1.39	275.988
0.46	0.91	3.49	0.41	5.55	1.22	88.404
0.51	0.99	2.34	0.34	4.4	1.25	135.699
0.53	0.97	3.02	0.23	3.94	1.29	105.726
0.19	0.91	2.14	0.22	4.98	1.28	84.043
0.53	0.87	2.19	0.57	3.34	1.29	93.811
0.4	0.87	3.03	0.15	5.09	1.33	117.41
0.56	0.91	2.47	0.48	3.93	1.21	83.518
0.3	0.98	2.8	0.31	4.08	1.33	178.434
0.6	0.85	3.5	0.1	4.62	1.41	326.506
0.14	0.92	3.52	0.49	3.45	1.31	84.776
0.24	0.87	2.77	0.39	4.91	1.42	304.484
0.5	0.94	2.39	0.39	5.04	1.22	83.035
0.51	0.88	3.58	0.23	3.08	1.32	191.128
0.12	0.97	3.34	0.59	4.12	1.29	84.851
0.26	0.91	2.32	0.21	4.7	1.38	216.418
0.38	0.87	1.98	0.05	5.5	1.29	157.44
0.16	0.98	2.93	0.53	4.93	1.46	155.642
0.6	0.99	3.22	0.55	5.51	1.31	180.062
0.55	0.88	3.13	0.3	5.06	1.23	82.082
0.3	0.9	3.5	0.1	4.91	1.45	395.946
0.12	0.88	2.54	0.53	4.6	1.48	156.062
0.2	0.86	1.87	0.2	5.96	1.43	267.481
0.54	0.89	3.58	0.09	5.0	1.49	499.318
0.27	0.98	2.15	0.18	3.87	1.39	255.012
0.3	0.97	2.59	0.19	5.12	1.44	282.583
0.56	0.88	2.33	0.32	3.31	1.25	84.092
0.33	0.88	3.03	0.59	4.33	1.43	336.069
0.18	0.91	2.13	0.24	4.36	1.22	84.137
0.16	0.93	3.49	0.38	3.57	1.25	85.462
0.57	0.9	2.42	0.27	4.45	1.46	338.136
0.24	0.86	1.91	0.14	3.87	1.21	81.865
0.34	0.93	3.42	0.21	3.73	1.35	292.47
0.48	0.98	1.95	0.43	3.92	1.2	131.762
0.44	0.98	1.87	0.15	5.33	1.33	224.626
0.2	0.92	2.97	0.12	5.27	1.25	85.232
0.53	0.96	3.34	0.24	3.42	1.25	90.959
0.57	0.86	2.53	0.44	5.99	1.45	346.917
0.43	0.95	3.36	0.18	4.44	1.38	341.273
0.17	0.87	1.87	0.07	4.43	1.38	179.92
0.18	0.94	2.79	0.07	5.8	1.2	84.25
0.62	0.87	2.4	0.54	4.44	1.46	420.254
0.21	0.97	3.25	0.57	5.77	1.29	82.769
0.35	0.94	2.43	0.57	3.81	1.34	183.908
0.2	0.98	2.49	0.17	3.3	1.42	170.454
0.52	0.85	2.95	0.48	5.07	1.24	106.407
0.22	0.93	2.2	0.52	3.73	1.35	142.468
0.37	0.99	2.59	0.41	3.37	1.22	83.9
0.62	0.92	3.32	0.12	4.01	1.42	309.121
0.34	0.94	3.3	0.51	3.73	1.46	353.178
0.11	0.99	1.81	0.55	3.55	1.34	84.503
0.2	0.99	3.31	0.3	5.59	1.38	143.641
0.43	0.98	2.51	0.54	3.4	1.35	163.722
0.46	0.98	3.34	0.07	5.72	1.33	211.798
0.23	0.97	2.17	0.17	5.19	1.37	180.477
0.23	0.87	1.82	0.21	5.18	1.34	169.249
0.45	0.94	2.35	0.37	4.65	1.33	154.316
0.28	0.92	2.69	0.4	5.34	1.38	236.072
0.64	0.88	3.34	0.52	5.68	1.49	464.279
0.16	0.96	2.59	0.19	3.2	1.23	84.516
0.64	0.88	2.55	0.09	4.92	1.25	94.212
0.55	0.99	2.6	0.5	5.2	1.25	131.041
0.44	0.96	3.3	0.26	3.55	1.32	183.609
0.49	0.99	2.95	0.37	5.66	1.28	90.491
0.17	0.92	2.87	0.56	3.49	1.38	84.16
0.56	0.9	3.53	0.42	5.19	1.41	224.472
0.42	0.9	3.2	0.48	4.62	1.26	143.587
0.38	0.98	1.91	0.49	3.05	1.37	208.762
0.49	0.89	2.23	0.55	4.53	1.2	96.591
0.58	0.85	2.65	0.24	3.38	1.45	483.28
0.53	0.99	2.72	0.19	5.43	1.3	129.622
0.49	0.92	2.69	0.54	3.15	1.25	90.163
0.44	0.86	2.3	0.55	3.14	1.34	189.576
0.64	0.99	2.92	0.03	3.32	1.33	179.741
0.54	0.92	2.82	0.08	3.06	1.4	273.661
0.4	0.85	2.67	0.45	4.19	1.44	308.08
0.35	0.9	2.46	0.15	3.6	1.34	151.071
0.54	0.97	2.88	0.26	5.17	1.47	392.136
0.48	0.96	2.87	0.1	3.04	1.27	90.87
0.57	0.88	3.27	0.54	3.1	1.34	168.672
0.44	0.88	2.45	0.43	3.28	1.38	287.461
0.35	0.92	3.12	0.59	4.1	1.2	82.749
0.16	0.91	3.32	0.05	3.71	1.48	266.336
0.28	0.9	1.95	0.48	5.63	1.36	215.913
0.51	0.99	2.02	0.47	4.51	1.38	289.835
0.55	0.91	3.14	0.06	4.54	1.46	439.285
0.2	0.89	1.86	0.53	5.12	1.21	84.423
0.32	0.92	3.48	0.55	5.31	1.23	81.851
0.19	0.88	2.39	0.45	4.22	1.25	82.286
0.56	0.94	1.89	0.06	3.28	1.49	480.069
0.24	0.85	2.18	0.45	4.46	1.29	83.208
0.4	0.97	2.67	0.14	4.71	1.45	267.861
0.3	0.99	3.37	0.19	4.54	1.25	143.671
0.34	0.94	1.96	0.13	5.71	1.22	83.522
0.38	0.87	2.67	0.41	3.51	1.44	357.345
0.29	0.93	3.52	0.06	5.49	1.37	221.606
0.63	0.87	3.49	0.49	4.22	1.44	352.399
0.57	0.91	2.79	0.54	5.39	1.49	412.591
0.14	0.9	3.04	0.28	3.56	1.39	83.566
0.48	0.98	2.96	0.41	5.97	1.34	168.467
0.37	0.93	3.39	0.02	3.85	1.43	256.478
0.32	0.88	3.44	0.15	4.99	1.22	83.27
0.64	0.94	2.55	0.46	5.98	1.48	418.752
0.62	0.98	2.95	0.21	3.57	1.39	335.661
0.58	0.92	2.7	0.07	4.19	1.21	82.641
0.26	0.91	3.16	0.35	4.11	1.44	325.142
0.23	0.93	3.43	0.24	4.19	1.26	84.222
0.13	0.99	3.5	0.08	3.01	1.26	86.031
0.54	0.98	2.36	0.28	5.0	1.42	327.976
0.49	0.98	3.09	0.33	3.7	1.36	207.538
0.63	0.89	3.19	0.11	4.75	1.4	300.72
0.49	0.96	3.59	0.17	5.29	1.35	177.434
0.11	0.92	3.52	0.24	3.25	1.27	84.736
0.44	0.85	1.91	0.09	4.95	1.39	280.957
0.1	0.94	2.79	0.5	5.0	1.29	86.001
0.19	0.91	2.93	0.44	3.88	1.41	144.342
0.23	0.88	3.26	0.32	5.58	1.48	417.328
0.37	0.93	2.15	0.16	5.82	1.33	96.208
0.56	0.99	2.81	0.58	5.19	1.36	159.459
0.37	0.97	1.85	0.57	3.49	1.23	104.205
0.36	0.89	2.53	0.06	4.48	1.3	96.1
0.34	0.95	3.01	0.2	4.86	1.38	210.403
0.45	0.91	2.77	0.47	5.16	1.48	414.262
0.1	0.93	2.23	0.02	5.48	1.28	86.457
0.53	0.86	2.32	0.48	3.37	1.31	97.247
0.19	0.88	2.66	0.26	4.66	1.25	84.016
0.35	0.86	1.84	0.24	5.2	1.33	135.738
0.31	0.93	2.18	0.22	3.72	1.48	454.676
0.44	0.94	2.57	0.29	5.67	1.2	87.668
0.49	0.99	2.88	0.28	5.24	1.44	270.505
0.26	0.94	2.7	0.51	4.24	1.39	283.998
0.51	0.99	2.71	0.59	5.47	1.44	351.074
0.5	0.86	2.24	0.13	3.61	1.37	217.542
0.22	0.97	2.25	0.56	5.27	1.45	335.567
0.33	0.98	3.15	0.12	4.86	1.39	203.114
0.41	0.91	2.03	0.51	5.6	1.33	189.45
0.51	0.99	3.37	0.55	3.23	1.34	184.775
0.42	0.96	2.17	0.42	5.78	1.28	107.491
0.19	0.94	3.49	0.43	4.63	1.48	239.915
0.24	0.97	2.02	0.27	5.21	1.21	82.799
0.21	0.9	2.37	0.55	5.85	1.22	84.425
0.33	0.99	2.03	0.33	5.9	1.32	218.263
0.6	0.89	2.39	0.12	5.72	1.21	88.238
0.56	0.92	3.29	0.25	4.46	1.35	229.87
0.48	0.96	2.66	0.09	5.05	1.2	145.67
0.21	0.94	3.31	0.23	4.71	1.37	186.947
0.23	0.9	3.1	0.56	5.9	1.23	84.311
0.1	0.99	1.85	0.2	5.18	1.41	85.505
0.14	0.95	2.46	0.35	4.84	1.29	83.731
0.46	0.96	3.42	0.44	3.2	1.22	92.97
0.33	0.97	3.58	0.08	4.29	1.46	316.027
0.29	0.98	2.42	0.48	5.65	1.43	371.303
0.38	0.96	3.34	0.22	5.61	1.45	336.767
0.64	0.96	1.84	0.37	4.01	1.34	159.406
0.36	0.92	2.31	0.07	4.56	1.37	279.145
0.59	0.88	2.85	0.08	3.41	1.27	93.569
0.11	0.95	3.21	0.48	4.02	1.48	84.966
0.12	0.89	1.9	0.44	4.45	1.34	84.316
0.58	0.85	3.19	0.13	5.27	1.29	93.026
0.57	0.88	3.47	0.26	5.24	1.47	366.481
0.27	0.88	2.52	0.52	5.94	1.45	360.732
0.1	0.88	3.06	0.09	5.87	1.47	86.149
0.23	0.92	1.94	0.32	3.82	1.43	292.044
0.33	0.99	2.13	0.35	4.47	1.24	100.762
0.17	0.86	2.38	0.54	4.07	1.32	81.397
0.56	0.89	2.02	0.19	3.48	1.24	83.113
0.55	0.92	2.97	0.28	4.93	1.34	196.212
0.17	0.86	2.61	0.13	4.4	1.38	144.913
0.12	0.91	2.77	0.11	4.9	1.42	85.083
0.52	0.87	1.95	0.26	5.15	1.3	152.025
0.4	0.85	3.26	0.16	4.78	1.31	127.861
0.52	0.87	3.39	0.13	4.42	1.49	410.723
0.43	0.94	2.09	0.02	4.07	1.45	433.732
0.39	0.9	2.45	0.39	5.75	1.42	287.664
0.63	0.93	2.18	0.4	3.23	1.43	354.122
0.16	0.85	2.76	0.11	5.06	1.46	283.001
0.28	0.87	3.41	0.27	5.31	1.47	343.351
0.12	0.97	2.72	0.54	3.17	1.33	84.657
0.27	0.98	3.42	0.33	4.58	1.2	83.435
0.18	0.85	2.45	0.11	4.28	1.27	85.208
0.62	0.93	2.73	0.23	4.64	1.32	200.992
0.55	0.9	2.22	0.15	4.99	1.38	198.696
0.43	0.87	2.34	0.51	4.1	1.23	113.91
0.1	0.88	3.31	0.03	3.35	1.45	85.562
0.44	0.94	3.2	0.59	3.32	1.41	267.332
0.23	0.97	3.47	0.29	5.43	1.41	161.674
0.32	0.87	3.09	0.39	5.96	1.38	221.876
0.22	0.9	3.42	0.02	5.56	1.35	131.114
0.31	0.87	2.61	0.03	5.8	1.49	362.132
0.45	0.97	2.17	0.37	3.08	1.23	133.066
0.45	0.88	2.19	0.42	5.47	1.44	305.225
0.15	0.92	1.87	0.26	3.27	1.4	176.25
0.64	0.86	2.9	0.42	4.74	1.4	218.145
0.45	0.9	2.53	0.16	4.64	1.46	406.234
0.57	0.97	1.87	0.11	3.82	1.48	307.605
0.51	0.99	3.23	0.45	4.22	1.39	333.353
0.44	0.91	2.22	0.4	3.77	1.22	130.484
0.2	0.97	2.49	0.1	5.45	1.28	83.227
0.33	0.91	3.3	0.15	4.47	1.27	83.956
0.52	0.91	1.85	0.14	4.13	1.3	148.344
0.34	0.88	3.06	0.28	3.57	1.48	341.26
0.29	0.97	2.18	0.32	4.73	1.23	85.079
0.56	0.93	2.39	0.38	4.2	1.2	151.585
0.19	0.87	3.0	0.49	5.74	1.28	84.096
0.57	0.9	3.42	0.55	3.42	1.25	95.039
0.61	0.9	2.56	0.49	5.74	1.21	82.704
0.14	0.96	2.4	0.38	4.28	1.21	86.116
0.13	0.96	3.21	0.25	5.28	1.34	84.215
0.6	0.99	3.41	0.49	5.4	1.36	186.515
0.13	0.96	1.8	0.52	3.21	1.2	86.024
0.45	0.99	2.11	0.43	5.23	1.34	183.595
0.38	0.93	2.29	0.18	5.59	1.33	187.145
0.25	0.86	2.55	0.42	5.76	1.37	137.42
0.47	0.86	2.33	0.53	5.97	1.26	93.04
0.51	0.95	3.3	0.16	3.29	1.32	189.994
0.24	0.87	2.57	0.12	5.59	1.42	352.188
0.45	0.98	2.93	0.26	4.17	1.23	96.395
0.34	0.9	2.69	0.4	5.35	1.31	156.743
0.45	0.91	2.79	0.37	4.5	1.48	360.19
0.25	0.89	2.17	0.03	5.81	1.26	83.003
0.44	0.86	3.51	0.11	5.02	1.24	83.614
0.41	0.88	2.42	0.41	4.97	1.36	176.64
0.28	0.95	2.85	0.42	3.88	1.41	349.393
0.33	0.92	3.57	0.29	5.14	1.35	172.487
0.29	0.98	3.29	0.46	3.7	1.32	146.322
0.35	0.95	2.33	0.32	5.89	1.41	329.229
0.15	0.94	2.4	0.02	4.39	1.32	83.283
0.47	0.98	1.92	0.13	3.04	1.41	264.878
0.31	0.9	3.24	0.37	5.8	1.48	466.346
0.17	0.91	2.15	0.1	4.34	1.46	255.382
0.17	0.97	2.1	0.14	3.4	1.24	84.051
0.47	0.93	2.38	0.4	4.76	1.27	193.89
0.49	0.88	2.19	0.38	4.55	1.26	99.76
0.21	0.97	2.24	0.23	5.47	1.35	83.021
0.62	0.85	2.73	0.23	4.89	1.34	108.859
0.43	0.97	2.84	0.31	3.59	1.26	90.818
0.6	0.99	2.61	0.54	4.82	1.45	316.311
0.3	0.94	3.44	0.34	3.64	1.33	198.097
0.59	0.88	2.1	0.02	4.87	1.44	272.283
0.31	0.92	3.25	0.58	4.78	1.47	362.299
0.47	0.96	2.67	0.58	5.76	1.2	88.935
0.58	0.89	3.3	0.16	3.59	1.36	202.024
0.49	0.93	3.14	0.43	3.3	1.43	284.615
0.21	0.87	2.02	0.57	4.03	1.26	83.673
0.27	0.88	2.19	0.04	4.68	1.41	327.585
0.47	0.88	1.91	0.09	4.13	1.41	367.013
0.56	0.85	3.37	0.04	3.89	1.44	292.875
0.3	0.99	2.02	0.44	4.51	1.22	84.115
0.13	0.94	3.31	0.28	4.83	1.2	85.962
0.62	0.91	2.12	0.51	5.37	1.36	192.29
0.61	0.94	2.76	0.41	5.4	1.21	91.544
0.21	0.9	2.2	0.16	4.75	1.21	84.545
0.19	0.89	1.98	0.12	4.24	1.38	142.508
0.15	0.85	1.82	0.35	4.7	1.21	85.744
0.22	0.85	2.65	0.37	4.23	1.46	331.507
0.48	0.95	3.23	0.31	4.06	1.26	160.513
0.11	0.86	2.6	0.19	3.61	1.26	85.891
0.5	0.86	1.98	0.51	4.75	1.21	140.217
0.63	0.87	3.29	0.12	4.63	1.36	202.526
0.44	0.99	2.68	0.45	4.08	1.26	149.496
0.12	0.92	2.12	0.4	3.1	1.46	84.788
0.17	0.93	1.98	0.41	3.44	1.37	134.411
0.43	0.98	2.27	0.33	3.63	1.45	327.422
0.51	0.97	3.42	0.08	3.87	1.4	263.826
0.55	0.95	2.21	0.03	3.43	1.32	119.349
0.14	0.93	3.12	0.43	5.51	1.45	84.547
0.38	0.93	2.23	0.13	5.64	1.24	82.035
0.28	0.91	2.67	0.1	4.4	1.29	83.583
0.61	0.87	2.13	0.42	3.59	1.49	356.63
0.12	0.89	1.95	0.5	3.31	1.47	169.015
0.55	0.95	2.38	0.03	5.27	1.38	200.987
0.51	0.95	2.65	0.22	3.51	1.46	282.64
0.29	0.99	2.83	0.17	3.13	1.38	218.86
0.29	0.93	2.17	0.37	3.74	1.24	148.874
0.19	0.94	2.79	0.21	3.81	1.37	83.909
0.17	0.98	1.86	0.32	4.72	1.4	172.11
0.25	0.98	3.06	0.55	5.87	1.23	83.541
0.47	0.86	2.6	0.3	5.5	1.49	355.179
0.48	0.96	2.28	0.05	5.48	1.26	88.531
0.39	0.98	1.98	0.47	4.26	1.44	374.154
0.12	0.88	2.49	0.34	4.37	1.26	84.487
0.53	0.87	3.42	0.39	5.18	1.4	349.374
0.49	0.85	1.86	0.29	3.28	1.34	140.254
0.4	0.89	2.66	0.17	5.39	1.41	345.289
0.16	0.91	2.66	0.38	3.61	1.49	268.481
0.51	0.87	3.53	0.45	3.83	1.48	360.122
0.29	0.87	2.58	0.46	4.15	1.26	83.127
0.6	0.93	2.18	0.09	4.9	1.26	93.139
0.42	0.91	1.86	0.24	4.75	1.35	101.626
0.57	0.88	3.19	0.14	3.93	1.38	289.142
0.52	0.94	3.47	0.02	5.81	1.4	219.606
0.15	0.94	2.46	0.16	5.18	1.43	166.655
0.47	0.92	2.52	0.02	5.74	1.22	94.312
0.53	0.89	2.06	0.4	5.94	1.22	100.536
0.27	0.93	1.95	0.08	3.28	1.23	84.339
0.19	0.95	2.82	0.44	4.35	1.23	85.121
0.61	0.97	3.07	0.54	4.33	1.24	92.848
0.18	0.88	2.22	0.39	5.05	1.48	284.231
0.56	0.87	3.17	0.25	5.2	1.23	81.67
0.3	0.96	1.98	0.05	4.46	1.42	292.253
0.25	0.89	2.74	0.49	4.74	1.48	473.305
0.21	0.96	3.54	0.47	4.46	1.41	159.848
0.17	0.89	2.1	0.27	4.31	1.31	83.916
0.17	0.96	2.51	0.42	3.48	1.35	84.724
0.18	0.98	2.82	0.03	5.88	1.45	167.684
0.24	0.87	1.99	0.02	5.57	1.23	82.842
0.58	0.87	3.34	0.19	3.64	1.21	124.105
0.42	0.93	1.84	0.21	3.86	1.33	191.38
0.33	0.9	3.27	0.15	4.07	1.28	158.603
0.32	0.91	2.5	0.29	4.89	1.26	82.606
0.1	0.88	1.81	0.35	5.56	1.21	86.689
0.39	0.85	3.22	0.03	4.73	1.42	252.964
0.4	0.99	2.5	0.2	4.52	1.22	83.331
0.23	0.85	2.05	0.18	4.37	1.23	85.201
0.22	0.96	2.94	0.47	3.41	1.2	83.508
0.61	0.93	2.52	0.08	5.99	1.29	94.603
0.31	0.98	1.81	0.07	4.1	1.49	316.955
0.61	0.86	2.27	0.19	3.67	1.2	81.352
0.51	0.87	2.77	0.45	4.49	1.3	152.663
0.52	0.93	3.15	0.26	5.01	1.26	113.64
0.47	0.98	3.58	0.12	4.13	1.43	334.103
0.58	0.87	2.87	0.29	3.44	1.3	95.586
0.1	0.87	2.06	0.24	5.69	1.48	85.197
0.27	0.92	3.47	0.27	3.56	1.28	83.232
0.64	0.86	1.81	0.23	5.18	1.44	370.841
0.33	0.94	3.54	0.24	4.74	1.39	238.034
0.47	0.92	2.78	0.55	3.02	1.45	354.845
0.63	0.96	2.55	0.11	4.28	1.34	143.139
0.42	0.96	1.94	0.41	5.18	1.34	181.792
0.49	0.85	2.53	0.2	5.03	1.37	242.989
0.13	0.95	2.49	0.12	5.69	1.48	155.094
0.13	0.94	1.97	0.55	3.67	1.44	84.892
0.47	0.93	2.77	0.57	5.26	1.28	81.577
0.52	0.94	2.59	0.43	4.41	1.42	312.183
0.13	0.86	2.53	0.03	5.65	1.28	85.753
0.45	0.92	1.83	0.34	4.53	1.42	375.122
0.62	0.9	3.56	0.51	4.25	1.23	130.73
0.57	0.97	2.49	0.52	3.19	1.29	154.259
0.14	0.95	3.28	0.32	3.76	1.36	84.455
0.55	0.97	1.91	0.28	5.43	1.46	342.533
0.17	0.9	2.42	0.36	5.55	1.43	272.675
0.21	0.92	3.57	0.23	5.72	1.3	136.163
0.34	0.91	3.25	0.41	5.76	1.29	163.276
0.3	0.88	3.58	0.33	3.35	1.43	284.335
0.35	0.88	3.12	0.41	3.98	1.28	91.394
0.36	0.9	1.8	0.34	4.22	1.25	140.066
0.38	0.97	3.11	0.03	4.02	1.31	139.129
0.4	0.97	2.55	0.05	4.78	1.35	147.061
0.55	0.95	2.79	0.26	4.78	1.29	96.564
0.35	0.89	2.49	0.54	4.02	1.46	362.049
0.3	0.88	1.82	0.47	3.55	1.42	265.935
0.28	0.97	3.24	0.53	4.92	1.27	82.564
0.17	0.94	1.94	0.22	4.8	1.3	82.865
0.17	0.9	2.27	0.17	5.45	1.21	82.994
0.45	0.91	3.06	0.1	4.82	1.25	185.481
0.51	0.99	2.56	0.45	3.67	1.21	139.86
0.26	0.96	2.94	0.23	4.6	1.33	82.453
0.5	0.87	3.36	0.24	5.19	1.32	157.245
0.17	0.98	1.95	0.25	3.28	1.43	255.084
0.49	0.9	3.53	0.23	4.65	1.35	168.665
0.5	0.92	3.25	0.26	4.02	1.44	372.304
0.5	0.93	1.97	0.52	5.98	1.46	360.576
0.21	0.92	1.8	0.57	3.75	1.41	144.73
0.45	0.99	2.11	0.33	4.33	1.49	350.215
0.29	0.92	2.77	0.15	3.42	1.33	154.706
0.58	0.86	2.43	0.5	5.93	1.45	373.386
0.58	0.9	3.0	0.46	3.09	1.39	281.308
0.6	0.88	3.09	0.44	3.13	1.4	250.913
0.25	0.99	3.58	0.05	3.65	1.39	205.52
0.35	0.87	3.32	0.44	5.73	1.33	91.8
0.33	0.93	2.04	0.31	3.57	1.37	195.581
0.46	0.96	2.16	0.38	5.01	1.37	236.551
0.64	0.97	2.56	0.44	4.42	1.23	83.375
0.39	0.94	2.77	0.11	3.73	1.29	89.693
0.5	0.96	3.11	0.33	3.16	1.27	92.217
0.52	0.94	3.5	0.38	5.87	1.29	146.803
0.43	0.96	2.9	0.19	4.69	1.48	468.836
0.18	0.9	2.41	0.39	3.44	1.43	273.795
0.45	0.93	2.01	0.29	5.53	1.49	373.644
0.57	0.85	1.87	0.28	4.82	1.2	111.188
0.24	0.9	2.71	0.1	3.16	1.39	317.707
0.21	0.96	2.36	0.32	5.04	1.25	83.851
0.28	0.94	3.23	0.03	3.43	1.28	83.388
0.41	0.89	3.14	0.09	4.22	1.26	84.145
0.1	0.93	1.91	0.24	4.11	1.29	86.521
0.54	0.87	3.56	0.48	4.01	1.33	168.459
0.14	0.95	2.01	0.2	3.75	1.4	83.655
0.51	0.89	2.19	0.1	3.93	1.26	91.266
0.49	0.94	2.86	0.51	4.12	1.21	86.246
0.28	0.97	3.48	0.17	5.91	1.42	273.634
0.24	0.91	2.27	0.5	4.59	1.31	82.035
0.1	0.92	2.17	0.28	5.14	1.21	87.721
0.58	0.96	3.58	0.03	5.24	1.42	373.613
0.32	0.87	2.56	0.16	3.78	1.35	228.719
0.28	0.92	3.09	0.44	5.94	1.36	218.807
0.6	0.92	2.1	0.47	3.91	1.35	162.835
0.1	0.88	3.0	0.38	4.99	1.41	86.211
0.39	0.92	2.84	0.1	3.96	1.26	102.316
0.1	0.86	2.01	0.22	4.81	1.4	86.025
0.57	0.93	3.39	0.13	3.15	1.45	285.078
0.37	0.92	1.94	0.54	3.94	1.3	104.78
0.64	0.95	2.47	0.13	3.13	1.32	163.461
0.17	0.9	2.8	0.43	4.15	1.34	154.75
0.16	0.87	2.94	0.03	3.57	1.4	150.551
0.6	0.98	2.12	0.45	3.92	1.36	211.224
0.41	0.95	3.03	0.19	3.84	1.33	208.275
0.53	0.98	3.13	0.48	5.57	1.27	97.722
0.56	0.85	2.59	0.41	4.12	1.35	302.284
0.6	0.9	2.11	0.57	3.1	1.25	83.635
0.61	0.98	3.31	0.57	3.01	1.36	222.964
0.48	0.98	2.89	0.43	4.92	1.2	83.728
0.16	0.85	3.53	0.36	3.71	1.47	266.309
0.43	0.94	2.53	0.45	4.39	1.3	98.107
0.46	0.85	2.89	0.25	5.92	1.24	83.587
0.58	0.85	2.1	0.57	4.23	1.26	82.32
0.62	0.99	1.82	0.53	3.27	1.25	94.224
0.49	0.95	2.3	0.55	3.0	1.29	91.064
0.38	0.89	2.8	0.45	4.88	1.41	385.751
0.27	0.93	3.28	0.34	3.4	1.23	83.431
0.15	0.91	3.37	0.59	4.52	1.26	83.945
0.24	0.9	2.65	0.18	4.12	1.35	84.012
0.32	0.98	2.0	0.32	3.53	1.35	164.936
0.55	0.96	2.46	0.34	4.86	1.42	300.497
0.14	0.98	3.14	0.34	5.94	1.33	84.283
0.17	0.94	3.52	0.42	4.94	1.49	257.405
0.55	0.89	3.44	0.02	3.44	1.25	88.053
0.43	0.98	2.57	0.3	4.93	1.41	288.336
0.51	0.94	2.08	0.21	5.87	1.39	237.718
0.11	0.98	2.68	0.19	5.59	1.49	85.148
0.16	0.94	2.06	0.17	5.44	1.36	83.234
0.15	0.99	1.85	0.24	3.69	1.32	84.491
0.21	0.88	1.85	0.5	5.63	1.39	176.974
0.58	0.98	2.88	0.02	5.72	1.37	231.643
0.47	0.93	3.58	0.41	3.89	1.4	356.676
0.64	0.88	2.8	0.5	5.54	1.32	156.468
0.61	0.95	3.26	0.12	3.21	1.24	98.052
0.22	0.92	2.38	0.3	4.65	1.48	308.143
0.56	0.99	2.62	0.35	3.87	1.43	187.457
0.53	0.95	2.43	0.54	4.78	1.42	333.203
0.45	0.87	3.43	0.58	4.82	1.42	343.846
0.35	0.96	1.93	0.51	5.48	1.22	83.273
0.19	0.89	1.99	0.57	4.92	1.29	84.107
0.59	0.96	2.85	0.54	4.9	1.21	87.052
0.63	0.95	2.05	0.32	4.42	1.49	408.406
0.61	0.9	2.71	0.09	3.6	1.3	162.321
0.39	0.96	2.75	0.47	3.76	1.42	219.589
0.42	0.86	2.36	0.42	4.4	1.21	82.189
0.13	0.93	2.18	0.42	5.0	1.4	84.614
0.18	0.88	2.22	0.09	3.29	1.33	83.609
0.63	0.85	2.71	0.03	3.25	1.42	292.629
0.1	0.96	3.11	0.28	5.28	1.3	86.117
0.45	0.92	2.24	0.56	3.18	1.48	362.526
0.57	0.85	3.14	0.03	5.51	1.23	84.395
0.2	0.99	2.37	0.28	3.51	1.37	181.495
0.59	0.97	1.81	0.29	5.61	1.28	151.766
0.36	0.89	3.36	0.38	3.5	1.47	308.951
0.28	0.94	3.33	0.13	3.12	1.2	83.031
0.35	0.95	2.77	0.15	5.87	1.46	310.87
0.29	0.87	2.55	0.25	3.84	1.3	143.182
0.5	0.9	2.73	0.36	3.37	1.21	84.01
0.37	0.99	2.86	0.53	5.94	1.39	219.831
0.14	0.97	2.36	0.19	4.05	1.4	84.326
0.17	0.87	2.52	0.5	4.55	1.34	162.999
0.12	0.97	3.37	0.23	4.6	1.37	84.17
0.47	0.89	2.47	0.4	4.6	1.21	82.069
0.43	0.9	3.53	0.21	3.87	1.41	348.43
0.4	0.86	3.42	0.12	4.04	1.23	80.709
0.21	0.94	2.77	0.46	5.99	1.25	83.994
0.52	0.9	3.11	0.56	4.88	1.37	296.932
0.51	0.86	2.54	0.56	5.36	1.35	223.576
0.22	0.99	2.08	0.28	3.88	1.49	336.918
0.53	0.85	2.71	0.37	4.35	1.46	372.671
0.44	0.89	1.97	0.55	4.17	1.37	195.337
0.33	0.87	3.2	0.04	4.97	1.29	82.614
0.49	0.92	2.92	0.11	5.3	1.48	490.935
0.16	0.91	3.45	0.58	5.04	1.21	84.162
0.45	0.92	2.47	0.49	4.17	1.47	372.734
0.3	0.85	1.99	0.49	4.29	1.22	83.371
0.31	0.94	3.47	0.21	3.98	1.28	137.886
0.19	0.93	2.16	0.52	4.7	1.22	84.668
0.49	0.88	2.19	0.02	4.95	1.2	163.245
0.37	0.91	2.05	0.41	3.59	1.35	162.086
0.41	0.88	3.3	0.53	5.77	1.26	83.234
0.6	0.89	2.87	0.38	5.97	1.24	137.692
0.36	0.96	2.4	0.43	4.02	1.39	224.54
0.49	0.88	2.72	0.56	3.91	1.48	441.858
0.63	0.9	3.04	0.17	3.31	1.44	254.387
0.39	0.85	2.92	0.19	4.32	1.44	308.418
0.17	0.89	2.22	0.16	4.02	1.21	84.253
0.6	0.87	3.34	0.21	3.69	1.29	95.736
0.21	0.95	3.51	0.22	4.49	1.31	84.194
0.52	0.86	1.92	0.3	5.13	1.2	84.649
0.29	0.9	2.11	0.55	3.14	1.33	154.994
0.35	0.94	3.0	0.4	3.02	1.41	310.065
0.38	0.9	2.75	0.18	3.48	1.21	84.513
0.36	0.98	2.57	0.1	3.82	1.4	290.134
0.21	0.93	2.29	0.12	3.48	1.4	141.061
0.24	0.89	3.43	0.5	3.07	1.22	82.746
0.17	0.86	2.2	0.03	4.47	1.44	268.709
0.11	0.97	1.88	0.27	3.67	1.34	85.721
0.61	0.98	1.84	0.31	3.88	1.21	84.852
0.26	0.98	3.05	0.25	3.31	1.24	83.403
0.13	0.9	2.65	0.36	5.54	1.47	279.084
0.13	0.89	2.19	0.17	5.54	1.37	82.189
0.16	0.86	3.1	0.16	4.87	1.26	83.305
0.19	0.93	2.85	0.2	3.52	1.42	274.101
0.64	0.85	1.96	0.53	3.26	1.46	397.69
0.52	0.9	1.97	0.05	3.58	1.3	154.546
0.35	0.96	2.67	0.24	5.99	1.4	275.358
0.17	0.93	2.25	0.24	5.69	1.46	273.877
0.47	0.97	3.27	0.21	4.92	1.32	158.183
0.57	0.96	2.13	0.18	3.8	1.47	363.781
0.34	0.96	3.33	0.48	3.38	1.33	189.539
